HRG,Spec,HRG Label,Altnagelvin,Antrim,Belfast City,Causeway,Craigavon,DaisyHill,Downe,Greenpark,Lagan Valley,Lurgan,Mater,Mid Ulster,Royal Victoria,South Tyrone,South West Acute,Tyrone County,Ulster,N. Ireland Total Cost
AA02C,150,"Intracranial Procedures for Trauma with Diagnosis of Intracranial Injury, with CC Score 10+",.,.,.,.,.,.,.,.,.,.,.,.,"9,928",.,.,.,.,"9,928"
AA02D,150,"Intracranial Procedures for Trauma with Diagnosis of Intracranial Injury, with CC Score 6-9",.,.,.,.,.,.,.,.,.,.,.,.,"28,935",.,.,.,.,"28,935"
AA02E,150,"Intracranial Procedures for Trauma with Diagnosis of Intracranial Injury, with CC Score 3-5",.,.,.,.,.,.,.,.,.,.,.,.,"8,595",.,.,.,.,"8,595"
AA02F,150,"Intracranial Procedures for Trauma with Diagnosis of Intracranial Injury, with CC Score 0-2",.,.,.,.,.,.,.,.,.,.,.,.,"24,690",.,.,.,.,"24,690"
AA03C,150,"Intracranial Procedures for Trauma with Diagnosis of Head Injury or Skull Fracture, with CC Score 4+",.,.,.,.,.,.,.,.,.,.,.,.,"22,782",.,.,.,.,"22,782"
AA03D,150,"Intracranial Procedures for Trauma with Diagnosis of Head Injury or Skull Fracture, with CC Score 0-3",.,.,.,.,.,.,.,.,.,.,.,.,"5,079",.,.,.,.,"5,079"
AA03D,300,"Intracranial Procedures for Trauma with Diagnosis of Head Injury or Skull Fracture, with CC Score 0-3",.,.,.,.,.,.,.,.,.,.,.,.,"3,053",.,.,.,.,"3,053"
AA04D,150,"Major Intracranial Procedures Except Trauma, with Cerebrovascular Accident, Nervous System Infections or Encephalopathy, with CC Score 0-5",.,.,.,.,.,.,.,.,.,.,.,.,"3,463",.,.,.,.,"3,463"
AA04D,420,"Major Intracranial Procedures Except Trauma, with Cerebrovascular Accident, Nervous System Infections or Encephalopathy, with CC Score 0-5",.,.,.,.,.,.,.,.,.,.,.,.,"4,778",.,.,.,.,"4,778"
AA07D,150,"Major Intracranial Procedures Except Trauma, with Cerebral Degenerations or Miscellaneous Disorders of Nervous System, with CC Score 0-1",.,.,.,.,.,.,.,.,.,.,.,.,"4,192",.,.,.,.,"4,192"
AA09E,150,"Major Intracranial Procedures Except Trauma, with Other Diagnoses, with CC Score 0-2",.,.,.,.,.,.,.,.,.,.,.,.,"4,473",.,.,.,.,"4,473"
AA12D,150,"Intermediate Intracranial Procedures Except Trauma, with Brain Tumours or Cerebral Cysts, with CC Score 3-5",.,.,.,.,.,.,.,.,.,.,.,.,"8,139",.,.,.,.,"8,139"
AA12E,100,"Intermediate Intracranial Procedures Except Trauma, with Brain Tumours or Cerebral Cysts, with CC Score 0-2",.,.,.,.,.,.,.,.,.,.,.,.,"7,025",.,.,.,.,"7,025"
AA15D,160,"Intermediate Intracranial Procedures Except Trauma, with Other Diagnoses, with CC Score 2-3",.,.,.,.,.,.,.,.,.,.,.,.,.,.,.,.,"1,515","1,515"
AA15E,150,"Intermediate Intracranial Procedures Except Trauma, with Other Diagnoses, with CC Score 0-1",.,.,.,.,.,.,.,.,.,.,.,.,"13,817",.,.,.,.,"13,817"
AA16Z,150,"Minor Intracranial Procedures Except Trauma, with Cerebrovascular Accident, Nervous System Infections or Encephalopathy",.,.,.,.,.,.,.,.,.,.,.,.,"11,276",.,.,.,.,"11,276"
AA17C,150,"Minor Intracranial Procedures Except Trauma, with Haemorrhagic Cerebrovascular Disorders, with CC Score 5+",.,.,.,.,.,.,.,.,.,.,.,.,"6,338",.,.,.,.,"6,338"
AA17D,150,"Minor Intracranial Procedures Except Trauma, with Haemorrhagic Cerebrovascular Disorders, with CC Score 0-4",.,.,.,.,.,.,.,.,.,.,.,.,"29,871",.,.,.,.,"29,871"
AA17D,400,"Minor Intracranial Procedures Except Trauma, with Haemorrhagic Cerebrovascular Disorders, with CC Score 0-4",.,.,.,.,.,.,.,.,.,.,.,.,"2,544",.,.,.,.,"2,544"
AA19C,150,"Minor Intracranial Procedures Except Trauma, with Cerebral Degenerations or Miscellaneous Disorders of Nervous System, with CC Score 5+",.,.,.,.,.,.,.,.,.,.,.,.,"4,084",.,.,.,.,"4,084"
AA19D,150,"Minor Intracranial Procedures Except Trauma, with Cerebral Degenerations or Miscellaneous Disorders of Nervous System, with CC Score 3-4",.,.,.,.,.,.,.,.,.,.,.,.,"6,059",.,.,.,.,"6,059"
AA19E,150,"Minor Intracranial Procedures Except Trauma, with Cerebral Degenerations or Miscellaneous Disorders of Nervous System, with CC Score 0-2",.,.,.,.,.,.,.,.,.,.,.,.,"15,908",.,.,.,.,"15,908"
AA19E,420,"Minor Intracranial Procedures Except Trauma, with Cerebral Degenerations or Miscellaneous Disorders of Nervous System, with CC Score 0-2",.,.,.,.,.,.,.,.,.,.,.,.,"4,647",.,.,.,.,"4,647"
AA21E,150,"Minor Intracranial Procedures Except Trauma, with Other Diagnoses, with CC Score 3-4",.,.,.,.,.,.,.,.,.,.,.,.,"2,890",.,.,.,.,"2,890"
AA21F,140,"Minor Intracranial Procedures Except Trauma, with Other Diagnoses, with CC Score 1-2","2,115",.,.,.,.,.,.,.,.,.,.,.,.,.,.,.,.,"2,115"
AA21G,150,"Minor Intracranial Procedures Except Trauma, with Other Diagnoses, with CC Score 0",.,.,.,.,.,.,.,.,.,.,.,.,"6,856",.,.,.,.,"6,856"
AA22C,300,"Cerebrovascular Accident, Nervous System Infections or Encephalopathy, with CC Score 14+",.,.,.,.,.,.,.,.,.,.,.,.,386,.,.,.,.,386
AA22C,361,"Cerebrovascular Accident, Nervous System Infections or Encephalopathy, with CC Score 14+",.,.,.,.,.,409,.,.,.,.,.,.,.,.,.,.,.,409
AA22C,430,"Cerebrovascular Accident, Nervous System Infections or Encephalopathy, with CC Score 14+",.,.,.,.,.,.,.,.,.,.,.,.,654,.,.,.,.,654
AA22D,300,"Cerebrovascular Accident, Nervous System Infections or Encephalopathy, with CC Score 11-13",.,.,.,.,327,.,.,.,.,.,.,.,"1,158",.,"2,009",.,.,"3,494"
AA22D,361,"Cerebrovascular Accident, Nervous System Infections or Encephalopathy, with CC Score 11-13",.,.,.,.,.,"2,047",.,.,.,.,.,.,.,.,.,.,.,"2,047"
AA22D,430,"Cerebrovascular Accident, Nervous System Infections or Encephalopathy, with CC Score 11-13",.,.,.,.,.,.,.,.,.,.,.,.,654,.,.,.,.,654
AA22E,100,"Cerebrovascular Accident, Nervous System Infections or Encephalopathy, with CC Score 8-10",.,.,.,.,.,.,.,.,.,.,.,.,776,.,.,.,.,776
AA22E,150,"Cerebrovascular Accident, Nervous System Infections or Encephalopathy, with CC Score 8-10",.,.,.,.,.,.,.,.,.,.,.,.,953,.,.,.,.,953
AA22E,300,"Cerebrovascular Accident, Nervous System Infections or Encephalopathy, with CC Score 8-10",438,"2,033",404,.,327,.,.,.,752,.,387,.,"7,336",.,.,.,734,"12,410"
AA22E,430,"Cerebrovascular Accident, Nervous System Infections or Encephalopathy, with CC Score 8-10",.,.,.,.,.,.,.,.,.,.,388,.,"5,883",.,.,.,597,"6,867"
AA22F,100,"Cerebrovascular Accident, Nervous System Infections or Encephalopathy, with CC Score 5-7",.,.,.,.,.,.,.,.,.,.,.,.,388,.,647,.,.,"1,035"
AA22F,300,"Cerebrovascular Accident, Nervous System Infections or Encephalopathy, with CC Score 5-7",438,"3,253",.,.,"1,307",.,528,.,752,.,334,.,"10,039",.,502,.,"4,401","21,554"
AA22F,320,"Cerebrovascular Accident, Nervous System Infections or Encephalopathy, with CC Score 5-7",.,422,.,.,.,.,.,.,.,.,.,.,.,.,.,.,.,422
AA22F,340,"Cerebrovascular Accident, Nervous System Infections or Encephalopathy, with CC Score 5-7",.,.,.,.,.,.,.,.,.,.,.,.,466,.,.,.,.,466
AA22F,361,"Cerebrovascular Accident, Nervous System Infections or Encephalopathy, with CC Score 5-7",.,.,"1,408",.,.,819,.,.,.,.,.,.,.,.,.,.,.,"2,227"
AA22F,400,"Cerebrovascular Accident, Nervous System Infections or Encephalopathy, with CC Score 5-7",.,.,.,.,.,.,.,.,.,.,.,.,799,.,.,.,.,799
AA22F,430,"Cerebrovascular Accident, Nervous System Infections or Encephalopathy, with CC Score 5-7",.,"1,111",499,.,.,.,.,.,.,.,.,.,"9,805",.,.,.,298,"11,713"
AA22G,100,"Cerebrovascular Accident, Nervous System Infections or Encephalopathy, with CC Score 0-4",.,.,532,573,.,.,.,.,.,.,.,.,"3,290",.,647,.,.,"5,042"
AA22G,180,"Cerebrovascular Accident, Nervous System Infections or Encephalopathy, with CC Score 0-4",.,913,.,.,"1,789",.,.,.,.,.,.,.,612,.,.,.,.,"3,314"
AA22G,300,"Cerebrovascular Accident, Nervous System Infections or Encephalopathy, with CC Score 0-4","6,574","10,572",808,454,"4,248",301,528,.,"2,630",.,"2,653",.,"19,675",.,"6,528",.,"13,204","68,176"
AA22G,301,"Cerebrovascular Accident, Nervous System Infections or Encephalopathy, with CC Score 0-4",.,374,.,.,.,.,.,.,.,.,.,.,.,.,.,.,.,374
AA22G,320,"Cerebrovascular Accident, Nervous System Infections or Encephalopathy, with CC Score 0-4",.,.,.,.,385,.,.,.,.,.,.,.,611,.,.,.,.,996
AA22G,350,"Cerebrovascular Accident, Nervous System Infections or Encephalopathy, with CC Score 0-4",.,.,.,.,.,.,.,.,.,.,.,.,"1,035",.,.,.,.,"1,035"
AA22G,361,"Cerebrovascular Accident, Nervous System Infections or Encephalopathy, with CC Score 0-4",.,.,704,.,.,.,.,.,.,.,.,.,.,.,.,.,.,704
AA22G,430,"Cerebrovascular Accident, Nervous System Infections or Encephalopathy, with CC Score 0-4",.,741,499,.,363,.,.,.,.,.,.,.,"9,042",.,"1,288",.,298,"12,230"
AA23D,300,Haemorrhagic Cerebrovascular Disorders with CC Score 10-13,.,.,.,.,327,.,.,.,752,.,"1,854",.,.,.,.,.,.,"2,932"
AA23D,430,Haemorrhagic Cerebrovascular Disorders with CC Score 10-13,.,370,.,.,363,.,.,.,.,.,.,.,.,.,.,.,.,733
AA23E,100,Haemorrhagic Cerebrovascular Disorders with CC Score 6-9,457,.,.,.,.,.,.,.,.,.,.,.,.,.,647,.,.,"1,104"
AA23E,150,Haemorrhagic Cerebrovascular Disorders with CC Score 6-9,.,.,.,.,.,.,.,.,.,.,.,.,"2,858",.,.,.,.,"2,858"
AA23E,300,Haemorrhagic Cerebrovascular Disorders with CC Score 6-9,.,407,808,907,980,.,.,.,"1,503",.,"1,986",.,.,.,502,.,367,"7,460"
AA23E,320,Haemorrhagic Cerebrovascular Disorders with CC Score 6-9,.,.,.,.,.,.,.,.,.,.,.,.,.,.,799,.,.,799
AA23E,430,Haemorrhagic Cerebrovascular Disorders with CC Score 6-9,.,"1,852",.,.,.,.,.,.,.,.,.,.,.,.,644,.,597,"3,093"
AA23F,100,Haemorrhagic Cerebrovascular Disorders with CC Score 3-5,.,.,.,.,.,.,.,.,.,.,.,.,.,.,647,.,.,647
AA23F,150,Haemorrhagic Cerebrovascular Disorders with CC Score 3-5,.,.,.,.,.,.,.,.,.,.,.,.,953,.,.,.,.,953
AA23F,180,Haemorrhagic Cerebrovascular Disorders with CC Score 3-5,.,457,.,.,"1,789",.,.,.,.,.,.,.,.,.,.,.,.,"2,245"
AA23F,300,Haemorrhagic Cerebrovascular Disorders with CC Score 3-5,"2,191","4,879",.,907,980,.,528,.,"1,503",.,.,.,"4,247",.,"3,515",.,"3,668","22,419"
AA23F,301,Haemorrhagic Cerebrovascular Disorders with CC Score 3-5,.,"1,495",.,.,.,.,.,.,.,.,.,.,.,.,.,.,.,"1,495"
AA23F,400,Haemorrhagic Cerebrovascular Disorders with CC Score 3-5,.,.,.,.,.,.,.,.,.,.,.,.,799,.,.,.,.,799
AA23F,430,Haemorrhagic Cerebrovascular Disorders with CC Score 3-5,.,"1,111",.,.,.,352,.,.,366,.,.,.,"1,961",.,.,.,298,"4,088"
AA23G,100,Haemorrhagic Cerebrovascular Disorders with CC Score 0-2,.,.,532,573,.,.,.,.,.,.,.,.,.,.,.,.,.,"1,105"
AA23G,150,Haemorrhagic Cerebrovascular Disorders with CC Score 0-2,.,.,.,.,.,.,.,.,.,.,.,.,"2,858",.,.,.,.,"2,858"
AA23G,180,Haemorrhagic Cerebrovascular Disorders with CC Score 0-2,.,.,.,.,894,.,.,.,.,.,.,.,.,.,.,.,.,894
AA23G,300,Haemorrhagic Cerebrovascular Disorders with CC Score 0-2,"1,753","5,286","1,692",454,"1,634",301,.,.,.,.,"3,264",.,"7,336",.,"3,013",.,"2,201","26,933"
AA23G,400,Haemorrhagic Cerebrovascular Disorders with CC Score 0-2,.,.,.,.,.,.,.,.,.,.,.,.,799,.,.,.,.,799
AA23G,430,Haemorrhagic Cerebrovascular Disorders with CC Score 0-2,368,741,"1,496",.,.,352,.,.,.,.,388,.,654,.,.,.,.,"3,998"
AA24C,361,"Brain Tumours or Cerebral Cysts, with CC Score 11+",521,.,.,.,.,.,.,.,.,.,.,.,.,.,.,.,.,521
AA24D,300,"Brain Tumours or Cerebral Cysts, with CC Score 8-10",.,.,.,.,.,.,.,.,.,.,.,.,772,.,.,.,.,772
AA24D,430,"Brain Tumours or Cerebral Cysts, with CC Score 8-10",.,.,.,.,.,.,.,.,.,.,.,.,"1,961",.,.,.,.,"1,961"
AA24E,300,"Brain Tumours or Cerebral Cysts, with CC Score 6-7","3,068",813,.,.,.,.,.,.,376,.,.,.,"1,931",.,.,.,"1,467","7,655"
AA24E,430,"Brain Tumours or Cerebral Cysts, with CC Score 6-7",.,"1,111",.,.,.,.,.,.,.,.,.,.,.,.,.,.,.,"1,111"
AA24F,300,"Brain Tumours or Cerebral Cysts, with CC Score 4-5","1,753","5,286",404,.,.,.,.,.,376,.,"1,107",.,"4,247",.,"1,004",.,"5,135","19,312"
AA24F,302,"Brain Tumours or Cerebral Cysts, with CC Score 4-5",.,.,.,.,.,.,.,.,.,.,.,.,977,.,.,.,.,977
AA24F,370,"Brain Tumours or Cerebral Cysts, with CC Score 4-5",.,.,708,.,.,.,.,.,.,.,.,.,.,.,.,.,.,708
AA24F,400,"Brain Tumours or Cerebral Cysts, with CC Score 4-5",.,.,.,.,.,.,.,.,.,.,.,.,799,.,.,.,.,799
AA24F,430,"Brain Tumours or Cerebral Cysts, with CC Score 4-5",.,"1,111",.,.,.,.,.,.,.,.,.,.,"1,961",.,.,.,.,"3,072"
AA24G,150,"Brain Tumours or Cerebral Cysts, with CC Score 2-3",.,.,.,.,.,.,.,.,.,.,.,.,"2,858",.,.,.,.,"2,858"
AA24G,180,"Brain Tumours or Cerebral Cysts, with CC Score 2-3",.,.,.,.,.,.,.,.,.,.,.,.,306,.,.,.,.,306
AA24G,300,"Brain Tumours or Cerebral Cysts, with CC Score 2-3","4,821","3,659",404,907,654,.,.,.,752,.,"1,494",.,"4,633",.,"1,004",.,"3,668","21,996"
AA24G,370,"Brain Tumours or Cerebral Cysts, with CC Score 2-3",.,.,"1,415",.,.,.,.,.,.,.,.,.,.,.,.,.,.,"1,415"
AA24G,430,"Brain Tumours or Cerebral Cysts, with CC Score 2-3",.,.,.,.,.,.,.,.,.,.,.,.,654,.,.,.,597,"1,251"
AA24H,110,"Brain Tumours or Cerebral Cysts, with CC Score 0-1",.,.,.,.,.,.,.,.,.,.,.,.,612,.,.,.,.,612
AA24H,130,"Brain Tumours or Cerebral Cysts, with CC Score 0-1",.,.,.,.,.,.,.,.,.,.,.,.,468,.,.,.,.,468
AA24H,150,"Brain Tumours or Cerebral Cysts, with CC Score 0-1",.,.,.,.,.,.,.,.,.,.,.,.,953,.,.,.,.,953
AA24H,180,"Brain Tumours or Cerebral Cysts, with CC Score 0-1",.,.,.,.,894,.,.,.,.,.,.,.,.,.,.,.,.,894
AA24H,300,"Brain Tumours or Cerebral Cysts, with CC Score 0-1","2,630","2,033",404,.,654,.,.,.,376,.,.,.,"7,722",.,"2,009",.,"3,668","19,495"
AA24H,370,"Brain Tumours or Cerebral Cysts, with CC Score 0-1",.,.,"2,123",.,.,.,.,.,.,.,.,.,.,.,.,.,.,"2,123"
AA24H,430,"Brain Tumours or Cerebral Cysts, with CC Score 0-1",.,370,.,.,.,.,.,.,.,.,.,.,"1,307",.,.,.,298,"1,976"
AA24H,823,"Brain Tumours or Cerebral Cysts, with CC Score 0-1",.,.,.,.,"2,636",.,.,.,.,.,.,.,.,.,.,.,.,"2,636"
AA25C,320,"Cerebral Degenerations or Miscellaneous Disorders of Nervous System, with CC Score 14+",.,.,.,.,.,.,.,.,.,.,"1,827",.,.,.,.,.,.,"1,827"
AA25D,300,"Cerebral Degenerations or Miscellaneous Disorders of Nervous System, with CC Score 11-13",.,.,.,.,980,301,.,.,.,.,.,.,772,.,"1,004",.,"1,100","4,158"
AA25D,361,"Cerebral Degenerations or Miscellaneous Disorders of Nervous System, with CC Score 11-13",.,.,704,.,.,409,.,.,.,.,.,.,.,.,.,.,.,"1,113"
AA25D,430,"Cerebral Degenerations or Miscellaneous Disorders of Nervous System, with CC Score 11-13",.,.,.,.,.,.,.,.,.,360,.,.,"1,307",.,.,.,298,"1,965"
AA25E,300,"Cerebral Degenerations or Miscellaneous Disorders of Nervous System, with CC Score 8-10","1,753","3,659","1,616",454,"5,228",301,.,.,.,.,"1,854",.,"8,880",.,502,.,"2,934","27,183"
AA25E,302,"Cerebral Degenerations or Miscellaneous Disorders of Nervous System, with CC Score 8-10",.,.,.,.,.,.,.,.,.,.,.,.,488,.,.,.,.,488
AA25E,320,"Cerebral Degenerations or Miscellaneous Disorders of Nervous System, with CC Score 8-10",.,.,.,.,.,.,.,.,.,.,.,.,.,.,799,.,.,799
AA25E,361,"Cerebral Degenerations or Miscellaneous Disorders of Nervous System, with CC Score 8-10",.,.,704,.,.,.,.,.,.,.,.,.,.,.,.,.,.,704
AA25E,430,"Cerebral Degenerations or Miscellaneous Disorders of Nervous System, with CC Score 8-10",.,.,.,.,725,.,.,.,.,.,.,.,"2,615",.,.,.,597,"3,936"
AA25F,180,"Cerebral Degenerations or Miscellaneous Disorders of Nervous System, with CC Score 5-7",.,.,.,.,894,.,.,.,.,.,.,.,.,.,.,.,.,894
AA25F,300,"Cerebral Degenerations or Miscellaneous Disorders of Nervous System, with CC Score 5-7","12,711","9,759",404,"1,361","7,515",603,.,.,"3,006",.,"1,689",.,"20,077",.,"2,009",.,"12,838","71,971"
AA25F,320,"Cerebral Degenerations or Miscellaneous Disorders of Nervous System, with CC Score 5-7",689,.,.,.,385,358,.,.,.,.,.,.,.,.,.,.,.,"1,432"
AA25F,340,"Cerebral Degenerations or Miscellaneous Disorders of Nervous System, with CC Score 5-7",.,.,.,.,.,.,.,.,.,.,.,.,466,.,.,.,.,466
AA25F,430,"Cerebral Degenerations or Miscellaneous Disorders of Nervous System, with CC Score 5-7",737,"3,704",997,.,"2,900",352,.,.,.,.,388,.,"7,190",.,"1,931",.,"1,194","19,393"
AA25G,100,"Cerebral Degenerations or Miscellaneous Disorders of Nervous System, with CC Score 0-4",.,452,.,.,.,.,.,.,.,.,.,.,388,.,.,.,.,840
AA25G,110,"Cerebral Degenerations or Miscellaneous Disorders of Nervous System, with CC Score 0-4",519,.,.,.,.,.,.,.,.,.,.,.,.,.,.,.,.,519
AA25G,150,"Cerebral Degenerations or Miscellaneous Disorders of Nervous System, with CC Score 0-4",.,.,.,.,.,.,.,.,.,.,.,.,"3,811",.,.,.,.,"3,811"
AA25G,180,"Cerebral Degenerations or Miscellaneous Disorders of Nervous System, with CC Score 0-4",.,"2,284",.,.,"4,471",.,.,.,.,.,.,.,"1,530",.,.,.,.,"8,285"
AA25G,300,"Cerebral Degenerations or Miscellaneous Disorders of Nervous System, with CC Score 0-4","34,626","21,957","1,616","4,536","15,031","3,917","2,110",.,"4,885",.,"9,839",.,"57,529",.,"7,532",.,"32,278","195,855"
AA25G,301,"Cerebral Degenerations or Miscellaneous Disorders of Nervous System, with CC Score 0-4",.,"1,121",.,.,.,.,.,.,.,.,.,.,.,.,.,.,.,"1,121"
AA25G,302,"Cerebral Degenerations or Miscellaneous Disorders of Nervous System, with CC Score 0-4",.,.,.,.,.,.,.,.,.,.,.,.,488,.,.,.,.,488
AA25G,320,"Cerebral Degenerations or Miscellaneous Disorders of Nervous System, with CC Score 0-4",.,422,568,.,385,.,.,.,.,.,.,.,"1,221",.,.,552,.,"3,149"
AA25G,340,"Cerebral Degenerations or Miscellaneous Disorders of Nervous System, with CC Score 0-4",.,.,.,.,.,.,.,.,.,.,.,.,466,.,.,.,.,466
AA25G,400,"Cerebral Degenerations or Miscellaneous Disorders of Nervous System, with CC Score 0-4",.,.,.,.,.,.,.,.,.,.,.,.,"2,398",.,.,.,.,"2,398"
AA25G,430,"Cerebral Degenerations or Miscellaneous Disorders of Nervous System, with CC Score 0-4","1,105","5,186",.,.,"2,900","1,055",.,.,.,.,"1,938",.,"20,917",.,"1,288",.,"6,959","41,348"
AA26C,300,"Muscular, Balance, Cranial or Peripheral Nerve Disorders, Epilepsy or Head Injury, with CC Score 15+",.,.,.,.,327,.,.,.,.,.,.,.,386,.,.,.,"1,100","1,813"
AA26D,100,"Muscular, Balance, Cranial or Peripheral Nerve Disorders, Epilepsy or Head Injury, with CC Score 12-14",.,.,.,.,.,791,.,.,.,.,.,.,.,.,.,.,.,791
AA26D,300,"Muscular, Balance, Cranial or Peripheral Nerve Disorders, Epilepsy or Head Injury, with CC Score 12-14",.,"1,220",404,454,"1,307",.,.,.,.,.,.,.,"1,143",.,"2,009",.,"2,568","9,103"
AA26D,430,"Muscular, Balance, Cranial or Peripheral Nerve Disorders, Epilepsy or Head Injury, with CC Score 12-14",.,.,"1,496",.,"1,088",.,.,.,366,.,.,.,.,.,.,.,.,"2,949"
AA26E,100,"Muscular, Balance, Cranial or Peripheral Nerve Disorders, Epilepsy or Head Injury, with CC Score 9-11","1,370",.,.,.,.,.,.,.,.,.,.,.,388,.,.,.,455,"2,213"
AA26E,101,"Muscular, Balance, Cranial or Peripheral Nerve Disorders, Epilepsy or Head Injury, with CC Score 9-11",.,.,.,.,.,.,.,.,.,.,.,.,.,.,.,.,385,385
AA26E,150,"Muscular, Balance, Cranial or Peripheral Nerve Disorders, Epilepsy or Head Injury, with CC Score 9-11",.,.,.,.,.,.,.,.,.,.,.,.,"1,905",.,.,.,.,"1,905"
AA26E,180,"Muscular, Balance, Cranial or Peripheral Nerve Disorders, Epilepsy or Head Injury, with CC Score 9-11",.,.,.,.,.,.,.,.,.,.,.,.,306,.,.,.,.,306
AA26E,300,"Muscular, Balance, Cranial or Peripheral Nerve Disorders, Epilepsy or Head Injury, with CC Score 9-11","2,630","4,066",808,454,"2,287",.,528,.,"1,127",.,.,.,"12,741",.,"2,511",.,"9,537","36,688"
AA26E,430,"Muscular, Balance, Cranial or Peripheral Nerve Disorders, Epilepsy or Head Injury, with CC Score 9-11",.,370,"1,496",.,725,703,.,.,.,.,.,.,"4,576",.,.,.,298,"8,169"
AA26F,100,"Muscular, Balance, Cranial or Peripheral Nerve Disorders, Epilepsy or Head Injury, with CC Score 6-8",.,452,.,.,"1,752",.,.,.,.,.,.,.,"3,539",.,647,.,455,"6,845"
AA26F,150,"Muscular, Balance, Cranial or Peripheral Nerve Disorders, Epilepsy or Head Injury, with CC Score 6-8",.,.,.,.,.,.,.,.,.,.,.,.,"1,905",.,.,.,.,"1,905"
AA26F,180,"Muscular, Balance, Cranial or Peripheral Nerve Disorders, Epilepsy or Head Injury, with CC Score 6-8",.,913,.,.,"1,789",.,.,.,.,.,.,.,306,.,.,.,.,"3,008"
AA26F,300,"Muscular, Balance, Cranial or Peripheral Nerve Disorders, Epilepsy or Head Injury, with CC Score 6-8","9,204","14,638",808,"3,629","9,803","2,410","1,055",.,"3,382",.,"2,548",.,"42,085",.,"14,562",.,"35,579","139,703"
AA26F,301,"Muscular, Balance, Cranial or Peripheral Nerve Disorders, Epilepsy or Head Injury, with CC Score 6-8",.,"1,121",.,.,.,.,.,.,.,.,.,.,.,.,.,.,.,"1,121"
AA26F,320,"Muscular, Balance, Cranial or Peripheral Nerve Disorders, Epilepsy or Head Injury, with CC Score 6-8",689,422,.,547,.,716,701,.,.,.,453,.,611,.,.,.,912,"5,050"
AA26F,340,"Muscular, Balance, Cranial or Peripheral Nerve Disorders, Epilepsy or Head Injury, with CC Score 6-8",.,.,.,.,.,.,.,.,.,.,.,.,466,.,.,.,.,466
AA26F,430,"Muscular, Balance, Cranial or Peripheral Nerve Disorders, Epilepsy or Head Injury, with CC Score 6-8","1,105","3,334",997,.,"3,625",352,.,.,732,.,388,.,"10,459",407,"1,288",.,895,"23,581"
AA26G,100,"Muscular, Balance, Cranial or Peripheral Nerve Disorders, Epilepsy or Head Injury, with CC Score 3-5","2,284",904,.,573,"6,133",791,.,.,.,.,"1,051",.,"5,433",.,647,.,"2,273","20,087"
AA26G,110,"Muscular, Balance, Cranial or Peripheral Nerve Disorders, Epilepsy or Head Injury, with CC Score 3-5",.,.,.,.,.,.,.,.,.,.,.,.,612,.,.,.,.,612
AA26G,140,"Muscular, Balance, Cranial or Peripheral Nerve Disorders, Epilepsy or Head Injury, with CC Score 3-5",614,.,.,.,.,.,.,.,.,.,.,.,.,.,.,.,.,614
AA26G,150,"Muscular, Balance, Cranial or Peripheral Nerve Disorders, Epilepsy or Head Injury, with CC Score 3-5",.,.,.,.,.,.,.,.,.,.,.,.,953,.,.,.,.,953
AA26G,180,"Muscular, Balance, Cranial or Peripheral Nerve Disorders, Epilepsy or Head Injury, with CC Score 3-5",.,"3,197",.,.,"6,260",.,.,.,.,.,225,.,"3,673",.,.,.,.,"13,354"
AA26G,300,"Muscular, Balance, Cranial or Peripheral Nerve Disorders, Epilepsy or Head Injury, with CC Score 3-5","48,213","47,573","4,040","12,247","26,468","10,545","4,220",.,"11,649",.,"20,628",.,"95,753",.,"34,648",.,"66,022","382,006"
AA26G,301,"Muscular, Balance, Cranial or Peripheral Nerve Disorders, Epilepsy or Head Injury, with CC Score 3-5",.,"1,121",.,.,.,.,.,.,.,.,.,.,.,.,.,.,.,"1,121"
AA26G,302,"Muscular, Balance, Cranial or Peripheral Nerve Disorders, Epilepsy or Head Injury, with CC Score 3-5",.,.,.,.,.,.,.,.,.,.,.,.,488,.,.,.,.,488
AA26G,320,"Muscular, Balance, Cranial or Peripheral Nerve Disorders, Epilepsy or Head Injury, with CC Score 3-5","3,444","6,334",568,"3,829","1,155",358,.,.,.,.,"1,359",.,.,.,"4,796","8,281","1,367","31,491"
AA26G,340,"Muscular, Balance, Cranial or Peripheral Nerve Disorders, Epilepsy or Head Injury, with CC Score 3-5",.,.,465,.,.,714,.,.,.,.,.,.,"1,398",.,.,.,.,"2,577"
AA26G,361,"Muscular, Balance, Cranial or Peripheral Nerve Disorders, Epilepsy or Head Injury, with CC Score 3-5",.,.,"2,112",.,.,.,.,.,.,.,.,.,.,.,.,.,.,"2,112"
AA26G,370,"Muscular, Balance, Cranial or Peripheral Nerve Disorders, Epilepsy or Head Injury, with CC Score 3-5",.,.,708,.,.,.,.,.,.,.,.,.,.,.,.,.,.,708
AA26G,400,"Muscular, Balance, Cranial or Peripheral Nerve Disorders, Epilepsy or Head Injury, with CC Score 3-5",.,.,.,.,.,.,.,.,.,.,.,.,"1,599",.,.,.,.,"1,599"
AA26G,430,"Muscular, Balance, Cranial or Peripheral Nerve Disorders, Epilepsy or Head Injury, with CC Score 3-5","1,473","12,594",997,.,"8,338","1,055",.,.,366,.,"3,386",.,"26,800",.,"1,931",.,"2,089","59,030"
AA26H,100,"Muscular, Balance, Cranial or Peripheral Nerve Disorders, Epilepsy or Head Injury, with CC Score 0-2","3,198","2,712",.,"1,145","3,066","2,767",.,.,.,.,"1,576",.,"11,299",.,"3,883",.,"2,273","31,919"
AA26H,110,"Muscular, Balance, Cranial or Peripheral Nerve Disorders, Epilepsy or Head Injury, with CC Score 0-2",519,.,.,.,.,.,.,.,.,.,.,.,612,.,.,.,.,"1,131"
AA26H,120,"Muscular, Balance, Cranial or Peripheral Nerve Disorders, Epilepsy or Head Injury, with CC Score 0-2",.,"3,464",.,.,378,.,.,.,.,.,.,.,.,.,.,.,.,"3,842"
AA26H,150,"Muscular, Balance, Cranial or Peripheral Nerve Disorders, Epilepsy or Head Injury, with CC Score 0-2",.,.,.,.,.,.,.,.,.,.,.,.,"1,905",.,.,.,.,"1,905"
AA26H,160,"Muscular, Balance, Cranial or Peripheral Nerve Disorders, Epilepsy or Head Injury, with CC Score 0-2",.,.,.,.,.,.,.,.,.,.,.,.,.,.,.,.,"7,472","7,472"
AA26H,180,"Muscular, Balance, Cranial or Peripheral Nerve Disorders, Epilepsy or Head Injury, with CC Score 0-2",.,"28,318",.,.,"19,674",.,.,.,.,.,"2,245",.,"23,262",.,.,.,.,"73,499"
AA26H,300,"Muscular, Balance, Cranial or Peripheral Nerve Disorders, Epilepsy or Head Injury, with CC Score 0-2","76,702","102,059","9,259","28,122","32,022","20,488","9,495",.,"10,522",.,"47,227",.,"176,448",.,"50,215",.,"68,223","630,782"
AA26H,301,"Muscular, Balance, Cranial or Peripheral Nerve Disorders, Epilepsy or Head Injury, with CC Score 0-2",.,374,.,.,.,.,.,.,.,.,.,.,.,.,.,.,.,374
AA26H,320,"Muscular, Balance, Cranial or Peripheral Nerve Disorders, Epilepsy or Head Injury, with CC Score 0-2",.,"2,956",.,"2,735","1,155",358,.,.,"1,311",.,"1,812",.,611,.,"1,599","22,634",.,"35,169"
AA26H,340,"Muscular, Balance, Cranial or Peripheral Nerve Disorders, Epilepsy or Head Injury, with CC Score 0-2",.,.,465,.,.,.,.,.,.,.,.,.,932,.,.,.,.,"1,397"
AA26H,361,"Muscular, Balance, Cranial or Peripheral Nerve Disorders, Epilepsy or Head Injury, with CC Score 0-2",.,.,.,.,.,.,.,.,.,.,.,.,.,.,.,.,383,383
AA26H,370,"Muscular, Balance, Cranial or Peripheral Nerve Disorders, Epilepsy or Head Injury, with CC Score 0-2",.,.,708,.,.,.,.,.,.,.,.,.,.,.,.,.,.,708
AA26H,400,"Muscular, Balance, Cranial or Peripheral Nerve Disorders, Epilepsy or Head Injury, with CC Score 0-2",.,.,.,.,.,.,.,.,.,.,.,.,"12,789",.,.,.,.,"12,789"
AA26H,430,"Muscular, Balance, Cranial or Peripheral Nerve Disorders, Epilepsy or Head Injury, with CC Score 0-2",.,"15,928",997,.,"5,800","2,462",.,.,.,.,"8,529",.,"23,532",.,"2,575",.,597,"60,420"
AA26H,501,"Muscular, Balance, Cranial or Peripheral Nerve Disorders, Epilepsy or Head Injury, with CC Score 0-2",.,.,.,"4,510",.,.,.,.,.,.,.,.,.,.,.,.,"1,460","5,971"
AA26H,502,"Muscular, Balance, Cranial or Peripheral Nerve Disorders, Epilepsy or Head Injury, with CC Score 0-2",.,.,.,.,.,.,.,.,.,.,.,.,.,.,.,.,544,544
AA27Z,180,Medical Care of Patients with Alzheimer's Disease,.,457,.,.,.,.,.,.,.,.,.,.,.,.,.,.,.,457
AA27Z,300,Medical Care of Patients with Alzheimer's Disease,"2,191","1,220",808,.,.,.,"1,055",.,"1,503",.,773,.,"2,317",.,.,.,"4,768","14,635"
AA27Z,430,Medical Care of Patients with Alzheimer's Disease,.,.,.,.,.,.,.,.,.,.,388,.,654,.,.,.,298,"1,340"
AA28D,300,Motor Neuron Disease with CC Score 5-7,.,.,.,.,.,.,.,.,.,.,979,.,772,.,.,.,.,"1,751"
AA28E,300,Motor Neuron Disease with CC Score 2-4,.,407,.,454,.,.,.,.,.,.,.,.,.,.,.,.,.,860
AA28F,300,Motor Neuron Disease with CC Score 0-1,.,.,.,454,.,.,.,.,.,.,.,.,"1,931",.,.,.,.,"2,384"
AA28F,320,Motor Neuron Disease with CC Score 0-1,.,.,.,547,.,.,.,.,.,.,.,.,.,.,.,.,.,547
AA29C,300,Transient Ischaemic Attack with CC Score 11+,.,.,.,.,.,.,.,.,376,.,387,.,"1,158",.,.,.,734,"2,654"
AA29C,430,Transient Ischaemic Attack with CC Score 11+,.,.,.,.,.,.,.,.,.,.,.,.,654,.,.,.,597,"1,251"
AA29D,180,Transient Ischaemic Attack with CC Score 8-10,.,.,.,.,894,.,.,.,.,.,.,.,.,.,.,.,.,894
AA29D,300,Transient Ischaemic Attack with CC Score 8-10,"3,945","4,879",.,907,654,.,528,.,.,.,387,.,"6,950",.,"1,004",.,"3,668","22,921"
AA29D,430,Transient Ischaemic Attack with CC Score 8-10,368,"1,111",.,.,725,352,.,.,.,.,.,.,"4,576",.,644,.,"1,194","8,969"
AA29E,300,Transient Ischaemic Attack with CC Score 5-7,"7,451","13,825",404,"3,629","1,961","1,205",.,.,"1,879",.,"4,089",.,"20,077",.,"4,017",.,"10,270","68,807"
AA29E,301,Transient Ischaemic Attack with CC Score 5-7,.,748,.,.,.,.,.,.,.,.,.,.,.,.,.,.,.,748
AA29E,320,Transient Ischaemic Attack with CC Score 5-7,689,422,.,.,.,.,.,.,.,.,.,.,.,.,.,.,.,"1,111"
AA29E,340,Transient Ischaemic Attack with CC Score 5-7,.,.,.,.,.,.,.,.,.,.,.,.,466,.,.,.,.,466
AA29E,400,Transient Ischaemic Attack with CC Score 5-7,.,.,.,.,.,.,.,.,.,.,.,.,"1,599",.,.,.,.,"1,599"
AA29E,430,Transient Ischaemic Attack with CC Score 5-7,"1,473","7,779",.,.,"1,088",703,.,.,366,.,.,.,"10,459",.,"3,219",.,"2,686","27,772"
AA29F,100,Transient Ischaemic Attack with CC Score 0-4,.,.,.,.,.,.,.,.,.,.,.,.,388,.,.,.,.,388
AA29F,180,Transient Ischaemic Attack with CC Score 0-4,.,"1,370",.,.,.,.,.,.,.,.,.,.,306,.,.,.,.,"1,676"
AA29F,300,Transient Ischaemic Attack with CC Score 0-4,"13,587","34,562","1,616","12,700","4,575","2,410",528,.,"1,503",.,"16,787",.,"26,641",.,"13,056",.,"24,942","152,906"
AA29F,301,Transient Ischaemic Attack with CC Score 0-4,.,374,.,.,.,.,.,.,.,.,.,.,.,.,.,.,.,374
AA29F,320,Transient Ischaemic Attack with CC Score 0-4,.,422,.,.,.,.,.,.,655,.,453,.,.,.,799,.,.,"2,330"
AA29F,340,Transient Ischaemic Attack with CC Score 0-4,.,.,.,.,.,714,.,.,.,.,.,.,.,.,.,.,.,714
AA29F,430,Transient Ischaemic Attack with CC Score 0-4,"1,105","28,152",499,.,"6,163","3,165",.,.,.,.,"3,101",.,"5,883",.,"10,300",.,"5,670","64,038"
AA30C,300,"Medical Care of Patients with Multiple Sclerosis, with CC Score 8+",.,.,.,.,.,.,.,.,.,.,.,.,.,.,.,.,367,367
AA30D,300,"Medical Care of Patients with Multiple Sclerosis, with CC Score 5-7",.,.,.,.,.,.,.,.,.,.,.,.,"1,158",.,.,.,"1,100","2,259"
AA30D,400,"Medical Care of Patients with Multiple Sclerosis, with CC Score 5-7",.,.,.,.,.,.,.,.,.,.,.,.,799,.,.,.,.,799
AA30E,300,"Medical Care of Patients with Multiple Sclerosis, with CC Score 2-4",877,.,.,454,.,.,.,.,.,.,.,.,772,.,502,.,"3,301","5,906"
AA30E,400,"Medical Care of Patients with Multiple Sclerosis, with CC Score 2-4",.,.,.,.,.,.,.,.,.,.,.,.,799,.,.,.,.,799
AA30F,300,"Medical Care of Patients with Multiple Sclerosis, with CC Score 0-1","3,506","1,626",.,907,327,.,.,.,.,.,.,.,"6,564",.,"3,013",.,"2,201","18,144"
AA30F,400,"Medical Care of Patients with Multiple Sclerosis, with CC Score 0-1",.,.,.,.,.,.,.,.,.,.,.,.,"1,080",.,.,.,.,"1,080"
AA30F,430,"Medical Care of Patients with Multiple Sclerosis, with CC Score 0-1",.,.,.,.,.,.,.,.,.,.,.,.,654,.,644,.,.,"1,297"
AA31C,300,"Headache, Migraine or Cerebrospinal Fluid Leak, with CC Score 11+",.,.,404,.,654,.,.,.,376,.,.,.,"1,544",.,.,.,"2,201","5,178"
AA31C,303,"Headache, Migraine or Cerebrospinal Fluid Leak, with CC Score 11+",555,.,.,.,.,.,.,.,.,.,.,.,.,.,.,.,.,555
AA31C,320,"Headache, Migraine or Cerebrospinal Fluid Leak, with CC Score 11+",.,.,.,.,.,.,"1,402",.,.,.,.,.,.,.,.,.,.,"1,402"
AA31C,400,"Headache, Migraine or Cerebrospinal Fluid Leak, with CC Score 11+",.,.,.,.,.,.,.,.,.,.,.,.,799,.,.,.,.,799
AA31C,430,"Headache, Migraine or Cerebrospinal Fluid Leak, with CC Score 11+",.,.,.,.,363,.,.,.,.,.,.,.,"1,307",.,.,.,.,"1,670"
AA31D,100,"Headache, Migraine or Cerebrospinal Fluid Leak, with CC Score 7-10",457,.,.,.,.,.,.,.,.,.,.,.,.,.,.,.,.,457
AA31D,300,"Headache, Migraine or Cerebrospinal Fluid Leak, with CC Score 7-10","1,753","2,033",.,.,654,.,.,.,"1,127",.,"1,078",.,"4,633",.,"1,004",.,"5,135","17,418"
AA31D,430,"Headache, Migraine or Cerebrospinal Fluid Leak, with CC Score 7-10",.,370,.,.,363,352,.,.,.,.,.,.,654,.,.,.,"1,492","3,230"
AA31E,100,"Headache, Migraine or Cerebrospinal Fluid Leak, with CC Score 0-6",914,452,.,.,438,.,.,.,.,.,.,.,"1,164",.,647,.,455,"4,069"
AA31E,120,"Headache, Migraine or Cerebrospinal Fluid Leak, with CC Score 0-6",.,.,.,.,.,.,.,.,.,.,.,.,512,.,.,.,.,512
AA31E,150,"Headache, Migraine or Cerebrospinal Fluid Leak, with CC Score 0-6",.,.,.,.,.,.,.,.,.,.,.,.,"10,479",.,.,.,.,"10,479"
AA31E,180,"Headache, Migraine or Cerebrospinal Fluid Leak, with CC Score 0-6",.,"7,764",.,.,"19,674",.,.,.,.,.,"3,143",.,"5,509",.,.,.,.,"36,091"
AA31E,300,"Headache, Migraine or Cerebrospinal Fluid Leak, with CC Score 0-6","114,396","121,983","8,484","17,236","36,597","12,654","8,440",.,"9,395",.,"49,096",.,"207,336",.,"51,721",.,"92,431","729,768"
AA31E,301,"Headache, Migraine or Cerebrospinal Fluid Leak, with CC Score 0-6",.,"2,243",.,.,.,.,.,.,.,.,.,.,.,.,.,.,.,"2,243"
AA31E,302,"Headache, Migraine or Cerebrospinal Fluid Leak, with CC Score 0-6",.,.,.,.,.,.,.,.,.,.,.,.,"2,442",.,.,.,.,"2,442"
AA31E,303,"Headache, Migraine or Cerebrospinal Fluid Leak, with CC Score 0-6",.,.,712,.,.,.,.,.,.,.,.,.,.,.,.,.,.,712
AA31E,320,"Headache, Migraine or Cerebrospinal Fluid Leak, with CC Score 0-6",689,845,.,"1,641",385,358,701,.,.,.,906,.,.,.,799,"4,416",.,"10,740"
AA31E,340,"Headache, Migraine or Cerebrospinal Fluid Leak, with CC Score 0-6",.,.,.,.,.,714,.,.,.,.,.,.,.,.,.,.,.,714
AA31E,361,"Headache, Migraine or Cerebrospinal Fluid Leak, with CC Score 0-6","1,042",.,.,.,.,409,.,.,.,.,.,.,.,.,.,.,383,"1,835"
AA31E,370,"Headache, Migraine or Cerebrospinal Fluid Leak, with CC Score 0-6",.,.,"2,123",.,.,.,.,.,.,.,.,.,.,.,.,.,.,"2,123"
AA31E,400,"Headache, Migraine or Cerebrospinal Fluid Leak, with CC Score 0-6",.,.,.,.,.,.,.,.,.,.,.,.,"9,592",.,.,.,.,"9,592"
AA31E,430,"Headache, Migraine or Cerebrospinal Fluid Leak, with CC Score 0-6",368,"16,299",.,.,"9,425",703,.,.,.,.,"6,978",.,"11,766",.,"7,725",.,"5,670","58,935"
AA31E,501,"Headache, Migraine or Cerebrospinal Fluid Leak, with CC Score 0-6","1,028","5,731",.,"2,255","7,512","6,077",.,.,"1,417",.,.,.,"2,394",.,.,.,"7,302","33,717"
AA31E,502,"Headache, Migraine or Cerebrospinal Fluid Leak, with CC Score 0-6",.,.,.,.,.,.,.,.,.,.,.,.,.,.,676,.,"2,176","2,852"
AA33C,300,"Conventional EEG, EMG or Nerve Conduction Studies, 19 years and over",.,.,.,.,.,.,.,.,.,.,"5,106",.,"14,197",.,.,.,.,"19,303"
AA33C,400,"Conventional EEG, EMG or Nerve Conduction Studies, 19 years and over",.,.,.,.,.,.,.,.,.,.,.,.,"2,161",.,.,.,.,"2,161"
AA33C,430,"Conventional EEG, EMG or Nerve Conduction Studies, 19 years and over",.,.,.,.,.,.,.,.,.,.,593,.,"1,198",.,.,.,.,"1,791"
AA33D,300,"Conventional EEG, EMG or Nerve Conduction Studies, 18 years and under",.,.,.,.,.,.,.,.,.,.,.,.,"1,111",.,.,.,.,"1,111"
AA33D,420,"Conventional EEG, EMG or Nerve Conduction Studies, 18 years and under",.,.,.,.,.,.,.,.,.,.,.,.,"1,579",.,.,.,.,"1,579"
AA35A,300,Stroke with CC Score 16+,.,.,.,.,327,.,.,.,.,.,.,.,"1,931",.,.,.,734,"2,991"
AA35A,430,Stroke with CC Score 16+,.,.,.,.,.,.,.,.,.,.,.,.,.,.,.,.,298,298
AA35B,300,Stroke with CC Score 13-15,.,.,.,.,.,.,.,.,.,.,305,.,"3,475",.,"1,004",.,"1,100","5,885"
AA35B,400,Stroke with CC Score 13-15,.,.,.,.,.,.,.,.,.,.,.,.,"1,880",.,.,.,.,"1,880"
AA35B,430,Stroke with CC Score 13-15,.,370,499,.,.,.,.,.,.,.,.,.,654,407,.,.,.,"1,930"
AA35C,180,Stroke with CC Score 10-12,.,457,.,.,.,.,.,.,.,.,.,.,306,.,.,.,.,763
AA35C,300,Stroke with CC Score 10-12,.,"4,473",.,.,654,301,.,.,376,.,721,.,"10,409",.,"2,511",.,"9,903","29,347"
AA35C,320,Stroke with CC Score 10-12,.,422,.,.,.,.,.,.,.,.,.,.,.,.,.,.,.,422
AA35C,340,Stroke with CC Score 10-12,.,.,.,.,.,.,.,.,.,.,.,.,466,.,.,.,.,466
AA35C,400,Stroke with CC Score 10-12,.,.,.,.,.,.,.,.,.,.,.,.,"2,161",.,.,.,.,"2,161"
AA35C,430,Stroke with CC Score 10-12,.,"1,852",.,.,363,352,.,.,.,.,.,.,"5,229",.,"1,288",.,895,"9,978"
AA35D,100,Stroke with CC Score 7-9,.,.,.,.,438,.,.,.,.,.,.,.,388,.,.,.,.,826
AA35D,300,Stroke with CC Score 7-9,"2,191","12,605",804,"2,268","3,268",904,528,.,752,.,640,.,"27,366",.,"4,519",.,"25,990","81,833"
AA35D,320,Stroke with CC Score 7-9,.,.,.,.,.,.,.,.,.,.,453,.,611,.,.,.,.,"1,064"
AA35D,340,Stroke with CC Score 7-9,.,.,.,.,.,.,.,.,.,.,.,.,466,.,.,.,.,466
AA35D,400,Stroke with CC Score 7-9,.,.,.,.,.,.,.,.,.,.,.,.,"1,880",.,.,.,.,"1,880"
AA35D,430,Stroke with CC Score 7-9,"1,105","4,816",499,.,"3,263",.,.,.,.,"1,079",.,.,"16,776",.,"3,863",.,"2,984","34,384"
AA35E,100,Stroke with CC Score 4-6,.,.,.,.,.,395,.,.,.,.,.,.,.,.,.,.,.,395
AA35E,180,Stroke with CC Score 4-6,.,457,.,.,.,.,.,.,.,.,.,.,306,.,.,.,.,763
AA35E,300,Stroke with CC Score 4-6,"14,026","28,056",.,"5,443","9,476","5,423",528,.,"6,012",.,"6,715",.,"43,969",.,"6,026",.,"49,150","174,823"
AA35E,301,Stroke with CC Score 4-6,.,374,.,.,.,.,.,.,.,.,.,.,.,.,.,.,.,374
AA35E,320,Stroke with CC Score 4-6,689,422,.,"1,641",.,358,701,.,.,.,453,.,"1,221",.,799,.,456,"6,740"
AA35E,340,Stroke with CC Score 4-6,.,.,.,.,.,"1,428",.,.,.,.,.,.,470,.,.,.,.,"1,898"
AA35E,370,Stroke with CC Score 4-6,.,.,708,.,.,.,.,.,.,.,.,.,.,.,.,.,.,708
AA35E,400,Stroke with CC Score 4-6,.,.,.,.,.,.,.,.,.,.,.,.,"3,478",.,.,.,.,"3,478"
AA35E,430,Stroke with CC Score 4-6,"1,105","22,226",.,.,"6,888",352,.,.,366,.,388,.,"29,740",.,"7,725",.,"6,565","75,354"
AA35F,100,Stroke with CC Score 0-3,457,.,.,.,.,395,.,.,.,.,.,.,.,.,.,.,.,852
AA35F,150,Stroke with CC Score 0-3,.,.,.,.,.,.,.,.,.,.,.,.,"1,905",.,.,.,.,"1,905"
AA35F,180,Stroke with CC Score 0-3,.,457,.,.,894,.,.,.,.,.,.,.,.,.,.,.,.,"1,351"
AA35F,300,Stroke with CC Score 0-3,"18,409","40,254",808,"10,432","6,862","3,615",528,.,"6,388",.,"11,863",.,"33,929",.,"9,039",.,"30,444","172,571"
AA35F,301,Stroke with CC Score 0-3,.,374,.,.,.,.,.,.,.,.,.,.,.,.,.,.,.,374
AA35F,303,Stroke with CC Score 0-3,.,.,"1,424",.,.,.,.,.,.,.,.,.,.,.,.,.,.,"1,424"
AA35F,320,Stroke with CC Score 0-3,689,845,568,"1,641",.,358,.,.,.,.,.,.,.,.,"1,599",.,.,"5,699"
AA35F,340,Stroke with CC Score 0-3,.,.,472,.,.,714,.,.,.,.,.,.,.,.,.,.,.,"1,186"
AA35F,400,Stroke with CC Score 0-3,.,.,.,.,.,.,.,.,.,.,.,.,"2,960",.,.,.,.,"2,960"
AA35F,430,Stroke with CC Score 0-3,"1,105","27,412",499,.,"5,800","1,758",.,.,732,.,"1,551",.,"17,539",.,"5,794",.,"6,864","69,053"
AA37Z,150,"Intermediate Intracranial Procedures Except Trauma, with Stroke",.,.,.,.,.,.,.,.,.,.,.,.,"12,696",.,.,.,.,"12,696"
AA38Z,150,"Minor Intracranial Procedures Except Trauma, with Stroke",.,.,.,.,.,.,.,.,.,.,.,.,"5,774",.,.,.,.,"5,774"
AA40Z,300,Complex Long Term EEG Monitoring,.,.,.,.,327,.,.,.,.,.,.,.,.,.,.,.,.,327
AA40Z,400,Complex Long Term EEG Monitoring,.,.,.,.,.,.,.,.,.,.,.,.,"2,130",.,.,.,.,"2,130"
AA40Z,420,Complex Long Term EEG Monitoring,.,.,.,.,"1,735",.,.,.,.,.,.,.,.,.,.,.,.,"1,735"
AA42Z,420,Complex Sleep Studies,.,.,.,.,.,.,.,.,.,.,.,.,.,.,.,.,541,541
AB03Z,300,Complex Pain Procedures,.,.,689,.,.,.,.,.,.,.,.,.,.,.,.,.,.,689
AB04Z,300,Major Pain Procedures,877,.,.,.,.,.,.,.,.,.,.,.,.,.,.,.,.,877
AB04Z,501,Major Pain Procedures,"1,106",.,.,.,.,"3,038",.,.,.,.,.,.,583,.,.,.,766,"5,494"
AB05Z,300,Intermediate Pain Procedures,438,.,.,.,.,.,.,.,.,.,.,.,.,.,.,.,.,438
AB06Z,300,Minor Pain Procedures,.,.,.,.,327,.,.,.,.,.,.,.,.,.,.,.,.,327
AB10Z,300,Unspecified Pain Procedures,.,.,.,.,654,.,.,.,.,.,.,.,.,.,.,.,.,654
BZ02B,130,"Phacoemulsification Cataract Extraction and Lens Implant, with CC Score 2-4","2,464",.,.,.,.,.,.,.,.,.,"1,479",.,.,.,.,.,.,"3,943"
BZ02C,130,"Phacoemulsification Cataract Extraction and Lens Implant, with CC Score 0-1","2,464",.,.,.,.,.,.,.,.,.,.,.,"1,547",.,.,.,.,"4,010"
BZ06B,130,"Intermediate Oculoplastics Procedures, 18 years and under","2,464",.,.,.,.,.,.,.,.,.,.,.,.,.,.,.,.,"2,464"
BZ06D,130,"Intermediate Oculoplastics Procedures, 19 years and over, with CC Score 0-1","2,464",.,.,.,.,.,.,.,.,.,.,.,"1,956",.,.,.,.,"4,420"
BZ07B,130,"Minor Oculoplastics Procedures, 18 years and under",.,.,.,.,.,.,.,.,.,.,.,.,"9,339",.,.,.,.,"9,339"
BZ07B,140,"Minor Oculoplastics Procedures, 18 years and under",.,.,.,.,.,.,.,.,.,.,.,.,.,.,.,.,"1,281","1,281"
BZ07B,160,"Minor Oculoplastics Procedures, 18 years and under",.,.,.,.,.,.,.,.,.,.,.,.,.,.,.,.,"9,575","9,575"
BZ07D,130,"Minor Oculoplastics Procedures, 19 years and over, with CC Score 1-2","3,251",.,.,.,.,.,.,.,.,.,.,.,.,.,.,.,.,"3,251"
BZ07E,100,"Minor Oculoplastics Procedures, 19 years and over, with CC Score 0",.,.,.,.,.,.,.,.,.,.,.,.,"1,216",.,.,.,.,"1,216"
BZ07E,130,"Minor Oculoplastics Procedures, 19 years and over, with CC Score 0","7,289",.,.,.,.,.,.,.,.,.,.,.,"7,430",.,.,.,.,"14,719"
BZ07E,140,"Minor Oculoplastics Procedures, 19 years and over, with CC Score 0","1,548",.,.,.,.,.,.,.,.,.,.,.,.,.,.,.,.,"1,548"
BZ07E,160,"Minor Oculoplastics Procedures, 19 years and over, with CC Score 0",.,.,.,.,.,.,.,.,.,.,.,.,.,.,.,.,"1,395","1,395"
BZ07E,180,"Minor Oculoplastics Procedures, 19 years and over, with CC Score 0",.,913,.,.,.,.,.,.,.,.,.,.,.,.,.,.,.,913
BZ08B,160,"Major Orbits or Lacrimal Procedures, 18 years and under",.,.,.,.,.,.,.,.,.,.,.,.,.,.,.,.,"1,546","1,546"
BZ08D,140,"Major Orbits or Lacrimal Procedures, 19 years and over, with CC Score 0",.,.,.,.,.,.,.,.,.,.,.,.,.,.,.,.,"5,296","5,296"
BZ09B,130,"Intermediate Orbits or Lacrimal Procedures, 18 years and under",.,.,.,.,.,.,.,.,.,.,.,.,"1,351",.,.,.,.,"1,351"
BZ09D,130,"Intermediate Orbits or Lacrimal Procedures, 19 years and over, with CC Score 0-1",.,.,.,.,.,.,.,.,.,.,.,.,"7,884",.,.,.,.,"7,884"
BZ12B,130,"Intermediate Cornea or Sclera Procedures, with CC Score 0",.,.,.,.,.,.,.,.,.,.,"1,424",.,.,.,.,.,.,"1,424"
BZ13B,130,"Minor Cornea or Sclera Procedures, with CC Score 0","2,070",.,.,.,.,.,.,.,.,.,.,.,"4,931",.,.,.,.,"7,001"
BZ17B,130,Major Glaucoma Procedures with CC Score 0,.,.,.,.,.,.,.,.,.,.,.,.,"2,163",.,.,.,.,"2,163"
BZ18A,130,Intermediate Glaucoma Procedures with CC Score 1+,"1,677",.,.,.,.,.,.,.,.,.,.,.,"1,405",.,.,.,.,"3,081"
BZ18B,130,Intermediate Glaucoma Procedures with CC Score 0,.,.,.,.,.,.,.,.,.,.,.,.,"7,839",.,.,.,.,"7,839"
BZ19A,130,Minor Glaucoma Procedures with CC Score 1+,"3,354",.,.,.,.,.,.,.,.,.,.,.,.,.,.,.,.,"3,354"
BZ19B,130,Minor Glaucoma Procedures with CC Score 0,"3,354",.,.,.,.,.,.,.,.,.,.,.,"6,857",.,.,.,.,"10,210"
BZ19B,300,Minor Glaucoma Procedures with CC Score 0,438,.,.,.,.,.,.,.,.,.,.,.,.,.,.,.,.,438
BZ20A,130,Complex Vitreous Retinal Procedures with CC Score 1+,.,.,.,.,.,.,.,.,.,.,.,.,"1,619",.,.,.,.,"1,619"
BZ20B,130,Complex Vitreous Retinal Procedures with CC Score 0,.,.,.,.,.,.,.,.,.,.,.,.,"20,011",.,.,.,.,"20,011"
BZ21C,130,Major Vitreous Retinal Procedures with CC Score 0,.,.,.,.,.,.,.,.,.,.,.,.,"10,156",.,.,.,.,"10,156"
BZ22B,130,Intermediate Vitreous Retinal Procedures with CC Score 0-1,890,.,.,.,.,.,.,.,.,.,.,.,"21,680",.,.,.,.,"22,570"
BZ23Z,130,Minor Vitreous Retinal Procedures,"1,780",.,.,.,.,.,.,.,.,.,.,.,"11,352",.,.,.,.,"13,132"
BZ23Z,430,Minor Vitreous Retinal Procedures,.,.,.,.,.,.,.,.,.,.,.,.,"2,215",.,.,.,.,"2,215"
BZ24E,300,"Non-Surgical Ophthalmology without Interventions, with CC Score 5+",.,407,.,.,.,.,.,.,.,.,.,.,772,.,.,.,.,"1,179"
BZ24E,340,"Non-Surgical Ophthalmology without Interventions, with CC Score 5+",.,.,.,.,.,.,.,.,.,.,.,.,466,.,.,.,.,466
BZ24F,100,"Non-Surgical Ophthalmology without Interventions, with CC Score 2-4",.,.,.,.,.,"1,186",.,.,.,.,.,.,388,.,.,.,.,"1,574"
BZ24F,130,"Non-Surgical Ophthalmology without Interventions, with CC Score 2-4",.,.,.,.,.,.,.,.,.,.,.,.,468,.,.,.,.,468
BZ24F,180,"Non-Surgical Ophthalmology without Interventions, with CC Score 2-4",.,.,.,.,"1,789",.,.,.,.,.,.,.,.,.,.,.,.,"1,789"
BZ24F,300,"Non-Surgical Ophthalmology without Interventions, with CC Score 2-4",877,"2,846",.,454,980,.,.,.,752,.,"2,410",.,"8,108",.,.,.,"5,135","21,561"
BZ24F,320,"Non-Surgical Ophthalmology without Interventions, with CC Score 2-4",.,.,.,547,.,.,.,.,.,.,453,.,.,.,.,.,.,"1,000"
BZ24F,361,"Non-Surgical Ophthalmology without Interventions, with CC Score 2-4",.,.,.,.,.,409,.,.,.,.,.,.,.,.,.,.,.,409
BZ24F,430,"Non-Surgical Ophthalmology without Interventions, with CC Score 2-4",.,"1,482",.,.,363,.,.,.,.,.,775,.,"3,922",.,.,.,895,"7,437"
BZ24G,100,"Non-Surgical Ophthalmology without Interventions, with CC Score 0-1","4,111",452,.,573,438,"1,186",.,.,.,.,"1,576",.,"1,552",.,"1,294",.,.,"11,182"
BZ24G,101,"Non-Surgical Ophthalmology without Interventions, with CC Score 0-1",565,.,.,.,.,.,.,.,.,.,.,.,.,.,.,.,.,565
BZ24G,120,"Non-Surgical Ophthalmology without Interventions, with CC Score 0-1",.,.,.,.,.,.,.,.,.,.,.,.,512,.,.,.,.,512
BZ24G,130,"Non-Surgical Ophthalmology without Interventions, with CC Score 0-1","1,131",.,.,.,.,.,.,.,.,.,.,.,"14,661",.,.,.,.,"15,791"
BZ24G,180,"Non-Surgical Ophthalmology without Interventions, with CC Score 0-1",.,"4,111",.,.,"5,366",.,.,.,.,.,"1,123",.,"1,224",.,.,.,.,"11,823"
BZ24G,300,"Non-Surgical Ophthalmology without Interventions, with CC Score 0-1","10,081","6,506","1,212","1,814","1,634","1,506",528,.,"1,503",.,"5,121",.,"14,286",.,"4,519",.,"4,401","53,111"
BZ24G,302,"Non-Surgical Ophthalmology without Interventions, with CC Score 0-1",.,.,.,.,.,.,.,.,.,.,.,.,977,.,.,.,.,977
BZ24G,320,"Non-Surgical Ophthalmology without Interventions, with CC Score 0-1",.,.,.,.,.,358,.,.,.,.,.,.,611,.,.,"1,104",.,"2,073"
BZ24G,361,"Non-Surgical Ophthalmology without Interventions, with CC Score 0-1",.,.,.,.,.,409,.,.,.,.,.,.,.,.,.,.,.,409
BZ24G,430,"Non-Surgical Ophthalmology without Interventions, with CC Score 0-1",.,"1,482",.,.,363,703,.,.,.,.,.,.,654,.,644,.,298,"4,143"
BZ24G,501,"Non-Surgical Ophthalmology without Interventions, with CC Score 0-1",.,.,.,.,.,"1,013",.,.,.,.,.,.,.,.,.,.,.,"1,013"
CA02B,171,Very Major Neck Procedures with CC Score 0-1,.,.,.,.,.,.,.,.,.,.,.,.,"7,323",.,.,.,.,"7,323"
CA05A,100,"Minor Neck Procedures, 19 years and over","5,021",.,.,774,.,"1,268",.,.,.,.,.,.,.,.,"2,977",.,"1,040","11,080"
CA05A,120,"Minor Neck Procedures, 19 years and over",.,.,.,.,"1,586",.,.,.,.,.,.,.,.,.,.,.,.,"1,586"
CA05A,130,"Minor Neck Procedures, 19 years and over","28,640",.,.,.,.,.,.,.,.,.,"6,832",.,"3,795",.,.,.,.,"39,267"
CA05A,140,"Minor Neck Procedures, 19 years and over",.,.,.,.,.,.,.,.,.,.,.,.,.,.,.,.,"1,508","1,508"
CA05A,300,"Minor Neck Procedures, 19 years and over",.,813,.,454,.,.,.,.,.,.,.,.,"1,913",.,.,.,"2,095","5,274"
CA10A,160,"Septorhinoplasty, 19 years and over",.,.,.,.,.,.,.,.,.,.,.,.,.,.,.,.,"2,299","2,299"
CA11A,120,"Septoplasty, 19 years and over","2,788","1,394",.,.,"2,257",.,.,.,.,.,.,.,.,.,.,.,.,"6,439"
CA12Z,120,Major Treatment of Epistaxis,"8,045","5,396",.,.,"4,330",.,.,.,.,.,.,.,"1,598",.,.,.,.,"19,369"
CA13A,100,"Minor Treatment of Epistaxis, 19 years and over","3,196","1,356",.,.,.,.,.,.,.,.,.,.,.,.,.,.,.,"4,552"
CA13A,120,"Minor Treatment of Epistaxis, 19 years and over","26,284","9,444",.,.,"31,313",.,.,.,.,.,.,.,"16,065",.,.,.,.,"83,106"
CA13A,300,"Minor Treatment of Epistaxis, 19 years and over",438,.,.,.,.,.,.,.,.,.,.,.,.,.,.,.,987,"1,425"
CA13A,320,"Minor Treatment of Epistaxis, 19 years and over","1,378",.,.,.,.,.,.,.,.,.,.,.,.,.,.,.,.,"1,378"
CA13B,120,"Minor Treatment of Epistaxis, 18 years and under",.,450,.,.,"1,145",.,.,.,.,.,.,.,.,.,.,.,.,"1,595"
CA14Z,120,Nasal Polypectomy,.,.,.,.,934,.,.,.,.,.,.,.,.,.,.,.,.,934
CA15Z,120,"Excision or Biopsy, of Lesion of Internal Nose",.,.,.,.,.,.,.,.,.,.,.,.,.,.,.,.,"1,252","1,252"
CA16Z,130,"Excision or Biopsy, of Lesion of External Nose","2,464",.,.,.,.,.,.,.,.,.,.,.,.,.,.,.,.,"2,464"
CA20Z,120,Complex Nose Procedures,"2,679",.,.,.,.,.,.,.,.,.,.,.,"1,953",.,.,.,.,"4,631"
CA22Z,120,Major Nose Procedures,.,.,.,.,"2,161",.,.,.,.,.,.,.,.,.,.,.,.,"2,161"
CA22Z,160,Major Nose Procedures,.,.,.,.,.,.,.,.,.,.,.,.,.,.,.,.,"1,998","1,998"
CA23Z,100,Intermediate Nose Procedures,.,"1,067",.,.,.,.,.,.,.,.,.,.,.,.,.,.,.,"1,067"
CA24A,100,"Minor Nose Procedures, 19 years and over","1,598",.,.,.,903,.,.,.,.,.,.,.,.,.,.,.,.,"2,501"
CA24A,120,"Minor Nose Procedures, 19 years and over","3,218",450,.,.,.,.,.,.,.,.,.,.,.,.,.,.,.,"3,668"
CA24A,140,"Minor Nose Procedures, 19 years and over",.,.,.,.,.,.,.,.,.,.,.,.,.,.,.,.,"2,864","2,864"
CA24A,160,"Minor Nose Procedures, 19 years and over",.,.,.,.,.,.,.,.,.,.,.,.,.,.,.,.,"2,488","2,488"
CA24A,180,"Minor Nose Procedures, 19 years and over",.,.,.,.,894,.,.,.,.,.,.,.,.,.,.,.,.,894
CA24A,330,"Minor Nose Procedures, 19 years and over",.,.,727,.,.,.,.,.,.,.,.,.,.,.,.,.,.,727
CA24B,120,"Minor Nose Procedures, 18 years and under","3,218",450,.,.,"1,695",.,.,.,.,.,.,.,"3,442",.,.,.,.,"8,805"
CA24B,140,"Minor Nose Procedures, 18 years and under","3,095",.,.,.,.,.,.,.,.,.,.,.,.,.,.,.,"5,426","8,521"
CA24B,160,"Minor Nose Procedures, 18 years and under",.,.,.,.,.,.,.,.,.,.,.,.,.,.,.,.,"5,127","5,127"
CA25A,120,"Minimal Nose Procedures, 19 years and over","1,609",.,.,.,.,.,.,.,.,.,.,.,898,.,.,.,.,"2,507"
CA25B,120,"Minimal Nose Procedures, 18 years and under","3,758","5,383",.,.,"8,953",.,.,.,.,.,.,.,"6,612",.,.,.,"4,766","29,472"
CA25B,171,"Minimal Nose Procedures, 18 years and under",.,.,.,.,.,.,.,.,.,.,.,.,"1,407",.,.,.,.,"1,407"
CA28Z,120,Intermediate Sinus Procedures,.,450,.,.,.,.,.,.,.,.,.,.,.,.,.,.,.,450
CA28Z,150,Intermediate Sinus Procedures,.,.,.,.,.,.,.,.,.,.,.,.,"5,861",.,.,.,.,"5,861"
CA32B,120,"Tympanoplasty, 18 years and under",.,"1,308",.,.,.,.,.,.,.,.,.,.,.,.,.,.,.,"1,308"
CA34A,120,"Excision or Biopsy, of Lesion of External Ear, 19 years and over",.,.,.,.,.,.,.,.,.,.,.,.,"1,355",.,.,.,.,"1,355"
CA35A,120,"Insertion of Grommets, 19 years and over",.,.,.,.,608,.,.,.,.,.,.,.,.,.,.,.,.,608
CA35B,120,"Insertion of Grommets, between 2 and 18 years",.,847,.,.,"4,960",.,.,.,.,.,.,.,"1,084",.,.,.,"1,116","8,007"
CA35C,420,"Insertion of Grommets, 1 year and under",.,.,.,.,.,.,.,.,.,.,.,.,"2,304",.,.,.,.,"2,304"
CA36A,120,"Clearance of External Auditory Canal, 19 years and over",.,"1,772",.,.,704,.,.,.,.,.,.,.,.,.,.,.,.,"2,475"
CA36B,120,"Clearance of External Auditory Canal, 18 years and under","2,862","1,256",.,.,"2,112",.,.,.,.,.,.,.,.,.,.,.,.,"6,230"
CA38A,300,"Evoked Potential Recording, 19 years and over",.,.,.,.,.,.,.,.,.,.,.,.,"1,166",.,.,.,.,"1,166"
CA38A,400,"Evoked Potential Recording, 19 years and over",.,.,.,.,.,.,.,.,.,.,.,.,"1,519",.,.,.,.,"1,519"
CA39Z,120,Fixture for Bone Anchored Hearing Aids,.,.,.,.,.,.,.,.,.,.,.,.,"2,873",.,.,.,.,"2,873"
CA51A,160,"Very Major Ear Procedures, 19 years and over",.,.,.,.,.,.,.,.,.,.,.,.,.,.,.,.,"2,526","2,526"
CA52A,160,"Major Ear Procedures, 19 years and over",.,.,.,.,.,.,.,.,.,.,.,.,.,.,.,.,"5,051","5,051"
CA52A,501,"Major Ear Procedures, 19 years and over","1,340",.,.,.,.,.,.,.,.,.,.,.,.,.,.,.,.,"1,340"
CA54A,120,"Minor Ear Procedures, 19 years and over",.,"4,291",.,.,.,.,.,.,.,.,.,.,.,.,.,.,.,"4,291"
CA54A,160,"Minor Ear Procedures, 19 years and over",.,.,.,.,.,.,.,.,.,.,.,.,.,.,.,.,"17,567","17,567"
CA54A,300,"Minor Ear Procedures, 19 years and over",.,.,.,.,.,.,.,.,.,.,.,.,.,.,.,.,"1,426","1,426"
CA54B,100,"Minor Ear Procedures, 18 years and under",.,.,.,.,.,"1,487",.,.,.,.,.,.,.,.,.,.,.,"1,487"
CA54B,120,"Minor Ear Procedures, 18 years and under",.,"1,815",.,.,"4,292",.,.,.,.,.,.,.,"1,403",.,.,.,.,"7,509"
CA54B,160,"Minor Ear Procedures, 18 years and under",.,.,.,.,.,.,.,.,.,.,.,.,.,.,.,.,"4,335","4,335"
CA54B,171,"Minor Ear Procedures, 18 years and under",.,.,.,.,.,.,.,.,.,.,.,.,"4,844",.,.,.,.,"4,844"
CA54B,420,"Minor Ear Procedures, 18 years and under",.,.,.,.,.,.,.,.,.,.,.,.,.,.,.,.,"1,595","1,595"
CA60A,120,"Tonsillectomy, 19 years and over","1,609",450,.,.,"2,314",.,.,.,.,.,.,.,"3,073",.,.,.,.,"7,446"
CA60B,120,"Tonsillectomy, 18 years and under","1,609",450,.,.,"1,183",.,.,.,.,.,.,.,"5,294",.,.,.,"1,343","9,879"
CA60B,420,"Tonsillectomy, 18 years and under",.,.,.,.,.,.,.,.,.,.,.,.,"2,531",.,.,.,.,"2,531"
CA61Z,120,Adenotonsillectomy,.,.,.,.,"2,314","2,458",.,.,.,.,.,.,"3,449",.,.,.,.,"8,221"
CA62Z,120,Adenoidectomy,.,.,.,.,"1,222",.,.,.,.,.,.,.,.,.,.,.,.,"1,222"
CA63Z,120,Tracheostomy,.,.,.,.,"1,260",.,.,.,.,.,.,.,.,.,.,.,.,"1,260"
CA63Z,140,Tracheostomy,.,.,.,.,.,.,.,.,.,.,.,.,.,.,.,.,"2,652","2,652"
CA63Z,180,Tracheostomy,.,"5,581",.,.,.,.,.,.,.,.,.,.,.,.,.,.,.,"5,581"
CA63Z,501,Tracheostomy,.,.,.,.,.,.,.,.,.,.,.,.,577,.,.,.,.,577
CA65Z,140,Frenotomy or Frenectomy,"3,095",.,.,.,.,.,.,.,.,.,.,.,.,.,.,.,.,"3,095"
CA66A,120,"Excision or Biopsy, of Lesion of Mouth, 19 years and over",.,.,.,.,"1,011",.,.,.,.,.,.,.,"1,411",.,.,.,.,"2,422"
CA66A,140,"Excision or Biopsy, of Lesion of Mouth, 19 years and over","3,095",.,.,.,.,.,.,.,.,.,.,.,.,.,.,.,.,"3,095"
CA66B,160,"Excision or Biopsy, of Lesion of Mouth, 18 years and under",.,.,.,.,.,.,.,.,.,.,.,.,.,.,.,.,"1,169","1,169"
CA67B,120,"Complex Therapeutic Endoscopic, Larynx or Pharynx Procedures, with CC Score 0-1",.,.,.,.,.,.,.,.,.,.,.,.,"2,009",.,.,.,.,"2,009"
CA68A,120,"Therapeutic Endoscopic, Larynx or Pharynx Procedures, 19 years and over","2,679",.,.,.,"1,619",.,.,.,.,.,.,.,.,.,.,.,.,"4,297"
CA68B,120,"Therapeutic Endoscopic, Larynx or Pharynx Procedures, 18 years and under",.,.,.,.,.,.,.,.,.,.,.,.,.,.,.,.,"1,252","1,252"
CA68B,420,"Therapeutic Endoscopic, Larynx or Pharynx Procedures, 18 years and under",.,.,.,.,.,.,.,.,.,.,.,.,"1,918",.,.,.,.,"1,918"
CA69A,120,"Diagnostic, Laryngoscopy or Pharyngoscopy, 19 years and over","4,827","1,349",.,.,"13,385","1,677",.,.,.,.,.,.,"1,158",.,.,.,.,"22,396"
CA69A,300,"Diagnostic, Laryngoscopy or Pharyngoscopy, 19 years and over",.,407,590,.,.,.,.,.,.,.,"3,162",.,.,.,.,.,.,"4,158"
CA69B,120,"Diagnostic, Laryngoscopy or Pharyngoscopy, between 2 and 18 years",.,590,.,.,"1,068",.,.,.,.,.,.,.,.,.,.,.,"1,116","2,774"
CA69B,300,"Diagnostic, Laryngoscopy or Pharyngoscopy, between 2 and 18 years",.,407,.,.,.,.,.,.,.,.,.,.,.,.,.,.,.,407
CA69C,120,"Diagnostic, Laryngoscopy or Pharyngoscopy, 1 year and under",.,.,.,.,.,.,.,.,.,.,.,.,"3,977",.,.,.,.,"3,977"
CA69C,420,"Diagnostic, Laryngoscopy or Pharyngoscopy, 1 year and under",.,.,.,.,.,.,.,.,.,.,.,.,"2,158",.,.,.,.,"2,158"
CA70Z,120,Diagnostic Examination of Upper Respiratory Tract and Upper Gastrointestinal Tract,.,.,.,.,.,.,.,.,.,.,.,.,"3,603",.,.,.,.,"3,603"
CA71A,100,"Diagnostic Nasopharyngoscopy, 19 years and over",.,"1,073",.,.,.,.,.,.,.,.,.,.,.,.,.,.,.,"1,073"
CA71A,120,"Diagnostic Nasopharyngoscopy, 19 years and over","12,872","3,598",.,.,"3,593",.,.,.,.,.,.,.,.,.,.,.,.,"20,063"
CA71A,300,"Diagnostic Nasopharyngoscopy, 19 years and over",438,.,.,.,327,.,.,.,.,.,.,.,.,.,.,.,.,765
CA71B,120,"Diagnostic Nasopharyngoscopy, 18 years and under","3,218",899,.,.,"1,254",.,.,.,.,.,.,.,.,.,.,.,.,"5,372"
CA80B,320,"Very Complex, Mouth or Throat Procedures, with CC Score 2-4",.,.,.,.,.,.,.,.,.,.,.,.,"3,032",.,.,.,.,"3,032"
CA81B,120,"Complex, Mouth or Throat Procedures, 19 years and over, with CC Score 0-1",.,.,.,.,.,.,.,.,.,.,.,.,"2,932",.,.,.,.,"2,932"
CA83A,120,"Major, Mouth or Throat Procedures, 19 years and over, with CC Score 2+","1,253",.,.,.,"1,720",.,.,.,.,.,.,.,.,.,.,.,.,"2,973"
CA83B,120,"Major, Mouth or Throat Procedures, 19 years and over, with CC Score 0-1","1,609",899,.,.,"2,514",.,.,.,.,.,.,.,"2,672",.,.,.,"1,343","9,037"
CA83C,120,"Major, Mouth or Throat Procedures, 18 years and under","3,218","1,349",.,.,"11,306",.,.,.,.,.,.,.,"6,613",.,.,.,"6,714","29,201"
CA84A,140,"Intermediate, Mouth or Throat Procedures, 19 years and over, with CC Score 2+",.,.,.,.,.,.,.,.,.,.,.,.,.,.,.,.,"1,962","1,962"
CA84B,120,"Intermediate, Mouth or Throat Procedures, 19 years and over, with CC Score 0-1","3,218",450,.,.,"2,366",.,.,.,.,.,.,.,.,.,.,.,.,"6,034"
CA85A,120,"Minor, Mouth or Throat Procedures, 19 years and over","35,495","6,296",.,.,"36,087",.,.,.,.,.,.,.,.,.,.,.,.,"77,877"
CA85A,160,"Minor, Mouth or Throat Procedures, 19 years and over",.,.,.,.,.,.,.,.,.,.,.,.,.,.,.,.,"1,395","1,395"
CA85A,180,"Minor, Mouth or Throat Procedures, 19 years and over",.,.,.,.,.,.,.,.,.,.,.,.,"16,555",.,.,.,.,"16,555"
CA85A,300,"Minor, Mouth or Throat Procedures, 19 years and over",.,.,.,.,.,.,.,.,.,.,703,.,"3,425",.,.,.,.,"4,128"
CA85B,120,"Minor, Mouth or Throat Procedures, between 2 and 18 years","8,045","1,349",.,.,"3,492","1,466",.,.,.,.,.,.,"1,429",.,.,.,"1,040","16,822"
CA85B,140,"Minor, Mouth or Throat Procedures, between 2 and 18 years",925,.,.,.,.,.,.,.,.,.,.,.,.,.,.,.,.,925
CA85B,160,"Minor, Mouth or Throat Procedures, between 2 and 18 years",.,.,.,.,.,.,.,.,.,.,.,.,.,.,.,.,"2,337","2,337"
CA85B,180,"Minor, Mouth or Throat Procedures, between 2 and 18 years",.,.,.,.,.,.,.,.,.,.,.,.,"1,440",.,.,.,.,"1,440"
CA85B,300,"Minor, Mouth or Throat Procedures, between 2 and 18 years",.,.,.,.,.,.,.,.,.,.,.,.,"1,712",.,.,.,.,"1,712"
CA85B,420,"Minor, Mouth or Throat Procedures, between 2 and 18 years",.,.,.,.,.,.,.,.,.,.,.,.,.,.,.,.,"1,248","1,248"
CA85C,420,"Minor, Mouth or Throat Procedures, 1 year and under",.,.,.,.,.,.,.,.,.,.,.,.,"1,063",.,.,.,.,"1,063"
CA86A,120,"Minimal, Mouth or Throat Procedures, 19 years and over","1,374",.,.,.,"1,202",.,.,.,.,.,.,.,884,.,.,.,.,"3,460"
CA86A,140,"Minimal, Mouth or Throat Procedures, 19 years and over","3,095",.,.,.,.,.,.,.,.,.,.,.,.,.,.,.,"3,470","6,566"
CA86A,160,"Minimal, Mouth or Throat Procedures, 19 years and over",.,.,.,.,.,.,.,.,.,.,.,.,.,.,.,.,"19,377","19,377"
CA86B,100,"Minimal, Mouth or Throat Procedures, between 2 and 18 years","1,598",.,.,.,.,.,.,.,.,.,.,.,.,.,.,.,.,"1,598"
CA86B,120,"Minimal, Mouth or Throat Procedures, between 2 and 18 years",.,450,.,.,.,.,.,.,.,.,.,.,"2,939",.,.,.,.,"3,389"
CA86B,140,"Minimal, Mouth or Throat Procedures, between 2 and 18 years","20,120",.,.,.,.,.,.,.,.,.,.,.,.,.,.,.,"24,126","44,246"
CA86B,160,"Minimal, Mouth or Throat Procedures, between 2 and 18 years",.,.,.,.,.,.,.,.,.,.,.,.,.,.,.,.,"40,450","40,450"
CA86B,420,"Minimal, Mouth or Throat Procedures, between 2 and 18 years",762,.,.,.,.,.,.,.,.,.,.,.,.,.,.,.,.,762
CA86C,140,"Minimal, Mouth or Throat Procedures, 1 year and under","1,548",.,.,.,.,.,.,.,.,.,.,.,.,.,.,.,"7,540","9,087"
CA86C,160,"Minimal, Mouth or Throat Procedures, 1 year and under",.,.,.,.,.,.,.,.,.,.,.,.,"2,087",.,.,.,"6,974","9,061"
CA93A,100,"Major Maxillofacial Procedures, 19 years and over, with CC Score 1+","5,021",.,.,.,.,.,.,.,.,.,.,.,.,.,.,.,.,"5,021"
CA93A,140,"Major Maxillofacial Procedures, 19 years and over, with CC Score 1+","3,415",.,.,.,.,.,.,.,.,.,.,.,.,.,.,.,"3,925","7,340"
CA93B,140,"Major Maxillofacial Procedures, 19 years and over, with CC Score 0",.,.,.,.,.,.,.,.,.,.,.,.,.,.,.,.,"15,700","15,700"
CA93C,140,"Major Maxillofacial Procedures, 18 years and under",.,.,.,.,.,.,.,.,.,.,.,.,.,.,.,.,"1,962","1,962"
CA94Z,140,Intermediate Maxillofacial Procedures,.,.,.,.,.,.,.,.,.,.,.,.,.,.,.,.,"1,599","1,599"
CA95Z,140,Minor Maxillofacial Procedures,.,.,.,.,.,.,.,.,.,.,.,.,.,.,.,.,"3,243","3,243"
CA96Z,140,"Reduction or Fixation, of Jaw","108,505",.,.,.,.,.,.,.,.,.,.,.,.,.,.,.,"45,523","154,028"
CA96Z,180,"Reduction or Fixation, of Jaw",.,.,.,.,894,.,.,.,.,.,.,.,.,.,.,.,.,894
CA97Z,140,"Reduction or Fixation, of Cheekbone","34,794",.,.,.,.,.,.,.,.,.,.,.,.,.,.,.,"31,439","66,232"
CA98Z,120,Reduction of Fracture of Nasal Bone,"2,149",.,.,.,"1,523",.,.,.,.,.,.,.,.,.,.,.,.,"3,671"
CA98Z,140,Reduction of Fracture of Nasal Bone,.,.,.,.,.,.,.,.,.,.,.,.,.,.,.,.,"2,107","2,107"
CB01C,120,"Malignant, Ear, Nose, Mouth, Throat or Neck Disorders, with Interventions, with CC Score 0-4",.,.,.,.,.,.,.,.,.,.,.,.,509,.,.,.,.,509
CB01D,300,"Malignant, Ear, Nose, Mouth, Throat or Neck Disorders, without Interventions, with CC Score 9+",.,"1,220",.,.,.,.,.,.,.,.,.,.,772,.,.,.,.,"1,992"
CB01E,300,"Malignant, Ear, Nose, Mouth, Throat or Neck Disorders, without Interventions, with CC Score 5-8",.,.,.,.,.,.,.,.,.,.,387,.,"1,544",.,.,.,734,"2,664"
CB01F,100,"Malignant, Ear, Nose, Mouth, Throat or Neck Disorders, without Interventions, with CC Score 0-4",.,.,.,.,.,.,.,.,.,.,.,.,388,.,.,.,.,388
CB01F,120,"Malignant, Ear, Nose, Mouth, Throat or Neck Disorders, without Interventions, with CC Score 0-4","1,079",.,.,.,378,.,.,.,.,.,.,.,.,.,.,.,.,"1,457"
CB01F,300,"Malignant, Ear, Nose, Mouth, Throat or Neck Disorders, without Interventions, with CC Score 0-4",.,"1,220",808,.,.,.,.,.,.,.,.,.,"2,317",.,.,.,"1,100","5,445"
CB01F,370,"Malignant, Ear, Nose, Mouth, Throat or Neck Disorders, without Interventions, with CC Score 0-4",.,.,"7,075",.,.,.,.,.,.,.,.,.,.,.,.,.,.,"7,075"
CB02A,100,"Non-Malignant, Ear, Nose, Mouth, Throat or Neck Disorders, with Interventions, with CC Score 5+",.,.,.,.,.,.,.,.,.,.,.,.,"2,445",.,.,.,.,"2,445"
CB02A,300,"Non-Malignant, Ear, Nose, Mouth, Throat or Neck Disorders, with Interventions, with CC Score 5+",438,407,.,.,.,.,.,.,843,.,.,.,450,.,.,.,.,"2,138"
CB02B,100,"Non-Malignant, Ear, Nose, Mouth, Throat or Neck Disorders, with Interventions, with CC Score 1-4","4,794",452,.,.,.,"1,334",.,.,.,.,.,.,.,.,.,.,.,"6,580"
CB02B,120,"Non-Malignant, Ear, Nose, Mouth, Throat or Neck Disorders, with Interventions, with CC Score 1-4","1,609",.,.,.,.,.,.,.,.,.,.,.,.,.,.,.,.,"1,609"
CB02B,140,"Non-Malignant, Ear, Nose, Mouth, Throat or Neck Disorders, with Interventions, with CC Score 1-4",.,.,.,.,.,.,.,.,.,.,.,.,.,.,.,.,"2,107","2,107"
CB02B,180,"Non-Malignant, Ear, Nose, Mouth, Throat or Neck Disorders, with Interventions, with CC Score 1-4",.,457,.,.,.,.,.,.,.,.,.,.,723,.,.,.,.,"1,179"
CB02B,300,"Non-Malignant, Ear, Nose, Mouth, Throat or Neck Disorders, with Interventions, with CC Score 1-4",.,.,.,.,.,301,.,.,843,.,.,.,.,.,.,.,"2,095","3,239"
CB02C,100,"Non-Malignant, Ear, Nose, Mouth, Throat or Neck Disorders, with Interventions, with CC Score 0","1,598",.,.,.,.,"2,185",.,.,.,.,.,.,.,.,"2,415",.,.,"6,198"
CB02C,120,"Non-Malignant, Ear, Nose, Mouth, Throat or Neck Disorders, with Interventions, with CC Score 0","1,609",.,.,.,"1,720",.,.,.,.,.,.,.,"1,107",.,.,.,.,"4,437"
CB02C,140,"Non-Malignant, Ear, Nose, Mouth, Throat or Neck Disorders, with Interventions, with CC Score 0","6,044",.,.,.,.,.,.,.,.,.,.,.,.,.,.,.,"18,831","24,874"
CB02C,180,"Non-Malignant, Ear, Nose, Mouth, Throat or Neck Disorders, with Interventions, with CC Score 0",.,913,.,.,894,.,.,.,.,.,.,.,.,.,.,.,.,"1,808"
CB02D,100,"Non-Malignant, Ear, Nose, Mouth, Throat or Neck Disorders, without Interventions, with CC Score 5+","2,284",.,.,"1,145",876,"1,581",.,.,.,.,.,.,"1,552",.,"3,883",.,455,"11,776"
CB02D,120,"Non-Malignant, Ear, Nose, Mouth, Throat or Neck Disorders, without Interventions, with CC Score 5+",540,"2,248",.,.,.,.,.,.,.,.,.,.,512,.,.,.,.,"3,301"
CB02D,140,"Non-Malignant, Ear, Nose, Mouth, Throat or Neck Disorders, without Interventions, with CC Score 5+",614,.,.,.,.,.,.,.,.,.,.,.,.,.,.,.,599,"1,213"
CB02D,180,"Non-Malignant, Ear, Nose, Mouth, Throat or Neck Disorders, without Interventions, with CC Score 5+",.,"2,284",.,.,"2,683",.,.,.,.,.,.,.,306,.,.,.,.,"5,273"
CB02D,300,"Non-Malignant, Ear, Nose, Mouth, Throat or Neck Disorders, without Interventions, with CC Score 5+","6,574","15,045",808,907,"6,862",603,.,.,"2,255",.,"1,546",.,"23,938",.,"3,515",.,"31,544","93,597"
CB02D,301,"Non-Malignant, Ear, Nose, Mouth, Throat or Neck Disorders, without Interventions, with CC Score 5+",.,374,.,.,.,.,.,.,.,.,.,.,.,.,.,.,.,374
CB02D,320,"Non-Malignant, Ear, Nose, Mouth, Throat or Neck Disorders, without Interventions, with CC Score 5+",689,"1,267",.,.,.,.,.,.,.,.,.,.,611,.,.,.,.,"2,566"
CB02D,340,"Non-Malignant, Ear, Nose, Mouth, Throat or Neck Disorders, without Interventions, with CC Score 5+",.,.,.,.,.,.,.,.,.,.,.,.,"1,864",.,.,.,.,"1,864"
CB02D,361,"Non-Malignant, Ear, Nose, Mouth, Throat or Neck Disorders, without Interventions, with CC Score 5+",.,.,"2,112",.,.,.,.,.,.,.,.,.,.,.,.,.,.,"2,112"
CB02D,370,"Non-Malignant, Ear, Nose, Mouth, Throat or Neck Disorders, without Interventions, with CC Score 5+",.,.,708,.,.,.,.,.,.,.,.,.,.,.,.,.,.,708
CB02D,430,"Non-Malignant, Ear, Nose, Mouth, Throat or Neck Disorders, without Interventions, with CC Score 5+",.,"3,704","1,496",.,"1,813",352,.,.,.,.,388,.,"9,151",.,.,.,"1,194","18,097"
CB02E,100,"Non-Malignant, Ear, Nose, Mouth, Throat or Neck Disorders, without Interventions, with CC Score 1-4","14,618",904,.,"6,298","7,447","9,091",.,.,.,.,"4,728",.,"14,357",.,"16,825",.,909,"75,179"
CB02E,110,"Non-Malignant, Ear, Nose, Mouth, Throat or Neck Disorders, without Interventions, with CC Score 1-4",.,.,.,.,374,.,.,.,.,.,.,.,.,.,.,.,.,374
CB02E,120,"Non-Malignant, Ear, Nose, Mouth, Throat or Neck Disorders, without Interventions, with CC Score 1-4","4,317","3,598",.,.,"4,535",.,.,.,.,.,.,.,"2,562",.,.,.,.,"15,012"
CB02E,140,"Non-Malignant, Ear, Nose, Mouth, Throat or Neck Disorders, without Interventions, with CC Score 1-4","1,228",.,.,.,.,.,.,.,.,.,.,.,.,.,.,.,"10,179","11,407"
CB02E,150,"Non-Malignant, Ear, Nose, Mouth, Throat or Neck Disorders, without Interventions, with CC Score 1-4",.,.,.,.,.,.,.,.,.,.,.,.,953,.,.,.,.,953
CB02E,180,"Non-Malignant, Ear, Nose, Mouth, Throat or Neck Disorders, without Interventions, with CC Score 1-4",.,"25,577",.,.,"28,617",.,.,.,.,.,"4,266",.,"16,222",.,.,.,.,"74,682"
CB02E,300,"Non-Malignant, Ear, Nose, Mouth, Throat or Neck Disorders, without Interventions, with CC Score 1-4","23,668","29,276","2,424","2,268","10,456","5,423","2,638",.,"3,758",.,"12,784",.,"33,205",.,"16,571",.,"22,007","164,478"
CB02E,301,"Non-Malignant, Ear, Nose, Mouth, Throat or Neck Disorders, without Interventions, with CC Score 1-4",.,"2,243",.,.,.,.,.,.,.,.,.,.,.,.,.,.,.,"2,243"
CB02E,303,"Non-Malignant, Ear, Nose, Mouth, Throat or Neck Disorders, without Interventions, with CC Score 1-4",.,357,.,.,.,.,.,.,.,.,.,.,.,.,.,.,.,357
CB02E,320,"Non-Malignant, Ear, Nose, Mouth, Throat or Neck Disorders, without Interventions, with CC Score 1-4",689,"2,956",.,"1,094",.,358,.,.,.,.,"1,359",.,.,.,.,"5,520",912,"12,887"
CB02E,340,"Non-Malignant, Ear, Nose, Mouth, Throat or Neck Disorders, without Interventions, with CC Score 1-4",.,.,930,.,.,.,.,.,.,.,.,.,.,.,.,.,.,930
CB02E,361,"Non-Malignant, Ear, Nose, Mouth, Throat or Neck Disorders, without Interventions, with CC Score 1-4",.,.,.,.,.,409,.,.,.,.,.,.,.,.,.,.,.,409
CB02E,370,"Non-Malignant, Ear, Nose, Mouth, Throat or Neck Disorders, without Interventions, with CC Score 1-4",.,.,"1,362",.,.,.,.,.,.,.,.,.,.,.,.,.,.,"1,362"
CB02E,430,"Non-Malignant, Ear, Nose, Mouth, Throat or Neck Disorders, without Interventions, with CC Score 1-4",737,"4,075",499,.,"1,450",.,.,.,.,.,"1,163",.,"13,727",.,"1,931",.,298,"23,880"
CB02E,501,"Non-Malignant, Ear, Nose, Mouth, Throat or Neck Disorders, without Interventions, with CC Score 1-4",.,955,.,.,.,.,.,.,.,.,.,.,.,.,.,.,.,955
CB02E,823,"Non-Malignant, Ear, Nose, Mouth, Throat or Neck Disorders, without Interventions, with CC Score 1-4",.,.,.,.,659,.,.,.,.,.,.,.,.,.,.,.,.,659
CB02F,100,"Non-Malignant, Ear, Nose, Mouth, Throat or Neck Disorders, without Interventions, with CC Score 0","10,050","3,164",532,"8,015","8,323","10,673",.,.,.,.,"10,508",.,"10,477",.,"20,708",.,"1,818","84,268"
CB02F,110,"Non-Malignant, Ear, Nose, Mouth, Throat or Neck Disorders, without Interventions, with CC Score 0","1,558",.,.,.,374,.,.,.,.,.,.,.,612,.,.,.,400,"2,944"
CB02F,120,"Non-Malignant, Ear, Nose, Mouth, Throat or Neck Disorders, without Interventions, with CC Score 0","16,727","21,601",.,.,"16,251",.,.,.,.,.,.,.,"21,011",.,.,.,.,"75,591"
CB02F,130,"Non-Malignant, Ear, Nose, Mouth, Throat or Neck Disorders, without Interventions, with CC Score 0",103,.,.,.,.,.,.,.,.,.,.,.,937,.,.,.,.,"1,039"
CB02F,140,"Non-Malignant, Ear, Nose, Mouth, Throat or Neck Disorders, without Interventions, with CC Score 0","6,752",.,.,.,.,.,.,.,.,.,.,.,.,.,.,.,"7,784","14,537"
CB02F,160,"Non-Malignant, Ear, Nose, Mouth, Throat or Neck Disorders, without Interventions, with CC Score 0",.,.,.,.,.,.,.,.,.,.,.,.,.,.,.,.,980,980
CB02F,180,"Non-Malignant, Ear, Nose, Mouth, Throat or Neck Disorders, without Interventions, with CC Score 0",.,"39,279",.,.,"71,542",.,.,.,.,.,"8,980",.,"100,088",.,.,.,.,"219,889"
CB02F,300,"Non-Malignant, Ear, Nose, Mouth, Throat or Neck Disorders, without Interventions, with CC Score 0","10,519","12,198","1,212","3,892","2,941","4,218","1,583",.,"1,879",.,"9,901",.,"24,324",.,"5,524",.,"8,803","86,994"
CB02F,303,"Non-Malignant, Ear, Nose, Mouth, Throat or Neck Disorders, without Interventions, with CC Score 0",.,.,712,.,.,.,.,.,.,.,.,.,.,.,.,.,.,712
CB02F,320,"Non-Malignant, Ear, Nose, Mouth, Throat or Neck Disorders, without Interventions, with CC Score 0",.,422,.,"1,094",.,.,.,.,.,.,453,.,.,.,.,"4,416",.,"6,385"
CB02F,340,"Non-Malignant, Ear, Nose, Mouth, Throat or Neck Disorders, without Interventions, with CC Score 0",.,.,.,.,.,.,.,.,.,.,.,.,"1,398",.,.,.,.,"1,398"
CB02F,430,"Non-Malignant, Ear, Nose, Mouth, Throat or Neck Disorders, without Interventions, with CC Score 0",.,"1,111",499,.,.,.,.,.,.,.,"1,163",.,"1,961",.,644,.,.,"5,378"
CB02F,501,"Non-Malignant, Ear, Nose, Mouth, Throat or Neck Disorders, without Interventions, with CC Score 0",.,955,.,.,.,.,.,.,.,.,.,.,.,.,.,.,"1,460","2,416"
CB02F,502,"Non-Malignant, Ear, Nose, Mouth, Throat or Neck Disorders, without Interventions, with CC Score 0",589,.,.,.,730,.,.,.,.,.,.,.,.,.,.,.,.,"1,319"
CD02A,140,"Intermediate Dental Procedures, 19 years and over",.,.,.,.,.,.,.,.,.,.,.,.,.,.,.,.,"1,599","1,599"
CD02B,140,"Intermediate Dental Procedures, 18 years and under","2,015",.,.,.,.,.,.,.,.,.,.,.,.,.,.,.,"6,433","8,447"
CD03A,120,"Minor Dental Procedures, 19 years and over",.,.,.,.,915,.,.,.,.,.,.,.,.,.,.,.,.,915
CD03A,140,"Minor Dental Procedures, 19 years and over",.,.,.,.,.,.,.,.,.,.,.,.,.,.,.,.,"1,432","1,432"
CD03B,140,"Minor Dental Procedures, 18 years and under",.,.,.,.,.,.,.,.,.,.,.,.,.,.,.,.,"1,599","1,599"
CD04A,140,"Major Surgical Removal of Tooth, 19 years and over","4,029",.,.,.,.,.,.,.,.,.,.,.,.,.,.,.,.,"4,029"
CD05A,140,"Surgical Removal of Tooth, 19 years and over","6,044",.,.,.,.,.,.,.,.,.,.,.,.,.,.,.,"4,524","10,568"
CD05B,140,"Surgical Removal of Tooth, 18 years and under","6,044",.,.,.,.,.,.,.,.,.,.,.,.,.,.,.,"1,508","7,552"
CD06A,140,"Extraction of Multiple Teeth, 19 years and over","8,058",.,.,.,.,.,.,.,.,.,.,.,.,.,.,.,"4,296","12,355"
CD06B,140,"Extraction of Multiple Teeth, 18 years and under","6,044",.,.,.,.,.,.,.,.,.,.,.,.,.,.,.,"10,025","16,069"
CD07A,140,"Minor Extraction of Tooth, 19 years and over","6,044",.,.,.,.,.,.,.,.,.,.,.,.,.,.,.,"2,107","8,151"
CD07B,140,"Minor Extraction of Tooth, 18 years and under","2,015",.,.,.,.,.,.,.,.,.,.,.,.,.,.,.,"1,053","3,068"
DZ02J,172,"Complex Thoracic Procedures, 19 years and over, with CC Score 3-5",.,.,.,.,.,.,.,.,.,.,.,.,"4,988",.,.,.,.,"4,988"
DZ06A,100,"Minor Thoracic Procedures, 19 years and over","1,598",.,.,.,"4,682",.,.,.,.,.,.,.,.,.,.,.,.,"6,280"
DZ06A,170,"Minor Thoracic Procedures, 19 years and over",.,.,.,.,.,.,.,.,.,.,.,.,"1,108",.,.,.,.,"1,108"
DZ06A,172,"Minor Thoracic Procedures, 19 years and over",.,.,.,.,.,.,.,.,.,.,.,.,"2,543",.,.,.,.,"2,543"
DZ06A,180,"Minor Thoracic Procedures, 19 years and over",.,.,.,.,"2,683",.,.,.,.,.,535,.,990,.,.,.,.,"4,208"
DZ06A,300,"Minor Thoracic Procedures, 19 years and over","6,240","7,726","3,057",907,"3,594","1,205",.,.,"2,373",.,"3,035",.,"12,650",.,"5,021",.,"22,275","68,083"
DZ06A,303,"Minor Thoracic Procedures, 19 years and over",555,.,.,.,.,.,.,.,.,.,.,.,.,.,.,.,.,555
DZ06A,340,"Minor Thoracic Procedures, 19 years and over",.,.,"2,371",.,.,.,.,.,.,.,.,.,"1,961",.,.,.,.,"4,332"
DZ06A,361,"Minor Thoracic Procedures, 19 years and over",.,.,.,.,.,409,.,.,.,.,.,.,.,.,.,.,.,409
DZ06A,370,"Minor Thoracic Procedures, 19 years and over",.,.,"2,996",.,.,.,.,.,.,.,.,.,.,.,.,.,.,"2,996"
DZ06B,120,"Minor Thoracic Procedures, 18 years and under","1,609",.,.,.,.,.,.,.,.,.,.,.,.,.,.,.,.,"1,609"
DZ06B,180,"Minor Thoracic Procedures, 18 years and under",.,.,.,.,.,.,.,.,.,.,.,.,331,.,.,.,.,331
DZ06B,300,"Minor Thoracic Procedures, 18 years and under",.,.,.,.,.,.,.,.,.,.,.,.,.,.,502,.,.,502
DZ06B,420,"Minor Thoracic Procedures, 18 years and under",.,.,.,.,.,.,.,.,.,.,.,.,789,.,.,.,993,"1,782"
DZ07A,300,"Fibreoptic Bronchoscopy, 19 years and over","22,554","18,704",.,"2,013",327,904,.,.,.,.,.,.,.,.,"1,735",.,"4,996","51,232"
DZ07A,340,"Fibreoptic Bronchoscopy, 19 years and over",.,.,"7,514",.,.,714,.,.,.,.,.,.,.,.,.,.,.,"8,229"
DZ07B,420,"Fibreoptic Bronchoscopy, 18 years and under",.,.,.,.,.,.,.,.,.,.,.,.,.,.,.,.,"1,248","1,248"
DZ08Z,120,Rigid Bronchoscopy,.,.,.,.,.,.,.,.,.,.,.,.,"2,288",.,.,.,.,"2,288"
DZ08Z,172,Rigid Bronchoscopy,.,.,.,.,.,.,.,.,.,.,.,.,"1,280",.,.,.,.,"1,280"
DZ08Z,420,Rigid Bronchoscopy,.,.,.,.,.,.,.,.,.,.,.,.,"2,865",.,.,.,.,"2,865"
DZ09E,180,Pulmonary Embolus with CC Score 9-11,.,.,.,.,.,.,.,.,.,.,.,.,306,.,.,.,.,306
DZ09E,300,Pulmonary Embolus with CC Score 9-11,.,"1,626",404,454,.,301,.,.,.,.,.,.,"4,247",.,.,.,734,"7,766"
DZ09E,430,Pulmonary Embolus with CC Score 9-11,.,370,499,.,.,.,.,.,.,.,.,.,654,.,.,.,.,"1,523"
DZ09F,100,Pulmonary Embolus with CC Score 6-8,.,.,.,.,438,.,.,.,.,.,.,.,.,.,.,.,.,438
DZ09F,300,Pulmonary Embolus with CC Score 6-8,"1,315","4,473",404,907,980,904,.,.,.,.,"1,747",.,"5,405",.,"1,004",.,"3,668","20,807"
DZ09F,320,Pulmonary Embolus with CC Score 6-8,.,.,.,.,385,.,.,.,.,.,453,.,.,.,799,.,.,"1,637"
DZ09F,340,Pulmonary Embolus with CC Score 6-8,.,.,930,.,.,.,.,.,.,.,.,.,"1,398",.,.,.,.,"2,328"
DZ09F,430,Pulmonary Embolus with CC Score 6-8,368,741,.,.,.,.,.,.,.,.,.,.,.,.,.,.,.,"1,109"
DZ09G,110,Pulmonary Embolus with CC Score 3-5,.,.,.,.,.,.,.,.,.,.,.,.,612,.,.,.,.,612
DZ09G,180,Pulmonary Embolus with CC Score 3-5,.,"1,370",.,.,.,.,.,.,.,.,449,.,612,.,.,.,.,"2,431"
DZ09G,300,Pulmonary Embolus with CC Score 3-5,"3,068","8,539","2,828","1,814",980,.,.,.,"2,255",.,"4,708",.,"7,336",.,"4,017",.,"10,637","46,182"
DZ09G,301,Pulmonary Embolus with CC Score 3-5,.,374,.,.,.,.,.,.,.,.,.,.,.,.,.,.,.,374
DZ09G,320,Pulmonary Embolus with CC Score 3-5,689,"1,267",.,.,.,.,.,.,.,.,.,.,611,.,.,.,.,"2,566"
DZ09G,340,Pulmonary Embolus with CC Score 3-5,.,.,930,.,.,.,.,.,.,.,.,.,"1,398",.,.,.,.,"2,328"
DZ09G,370,Pulmonary Embolus with CC Score 3-5,.,.,708,.,.,.,.,.,.,.,.,.,.,.,.,.,.,708
DZ09G,430,Pulmonary Embolus with CC Score 3-5,.,.,.,.,.,.,.,.,.,.,388,.,654,.,.,.,.,"1,041"
DZ09H,100,Pulmonary Embolus with CC Score 0-2,.,.,.,.,.,.,.,.,.,.,.,.,388,.,.,.,.,388
DZ09H,180,Pulmonary Embolus with CC Score 0-2,.,"4,111",.,.,"1,789",.,.,.,.,.,.,.,"3,367",.,.,.,.,"9,266"
DZ09H,300,Pulmonary Embolus with CC Score 0-2,"4,925","9,759","5,252",907,654,603,.,.,"1,127",.,"7,797",.,"19,691",.,"8,034",.,"17,606","76,355"
DZ09H,320,Pulmonary Embolus with CC Score 0-2,689,.,.,547,.,358,.,.,.,.,453,.,.,.,.,"1,104",.,"3,151"
DZ09H,340,Pulmonary Embolus with CC Score 0-2,.,.,"1,859",.,.,.,.,.,.,.,.,.,"6,059",.,.,.,.,"7,919"
DZ09H,370,Pulmonary Embolus with CC Score 0-2,.,.,"4,245",.,.,.,.,.,.,.,.,.,.,.,.,.,.,"4,245"
DZ09H,430,Pulmonary Embolus with CC Score 0-2,.,370,499,.,.,.,.,.,.,.,"1,551",.,"1,307",.,.,.,.,"3,727"
DZ10D,300,Lung Abscess-Empyema with CC Score 10+,.,.,.,.,.,.,.,.,.,.,.,.,386,.,.,.,.,386
DZ10E,300,Lung Abscess-Empyema with CC Score 7-9,.,407,.,.,.,.,.,.,.,.,.,.,.,.,.,.,.,407
DZ10F,172,Lung Abscess-Empyema with CC Score 3-6,.,.,.,.,.,.,.,.,.,.,.,.,798,.,.,.,.,798
DZ10F,300,Lung Abscess-Empyema with CC Score 3-6,.,813,.,.,327,301,.,.,.,.,.,.,386,.,502,.,"1,100","3,430"
DZ10F,361,Lung Abscess-Empyema with CC Score 3-6,.,.,704,.,.,.,.,.,.,.,.,.,.,.,.,.,.,704
DZ10G,100,Lung Abscess-Empyema with CC Score 0-2,.,.,.,.,.,.,.,.,.,.,.,.,388,.,.,.,.,388
DZ10G,172,Lung Abscess-Empyema with CC Score 0-2,.,.,.,.,.,.,.,.,.,.,.,.,798,.,.,.,.,798
DZ10G,300,Lung Abscess-Empyema with CC Score 0-2,438,.,.,.,.,.,528,.,.,.,773,.,.,.,.,.,367,"2,106"
DZ11D,300,"Lobar, Atypical or Viral Pneumonia, with CC Score 15+",.,"3,253",.,.,.,.,.,.,752,.,836,.,772,.,.,.,"4,401","10,014"
DZ11D,430,"Lobar, Atypical or Viral Pneumonia, with CC Score 15+",.,741,.,.,.,.,.,.,.,.,.,.,.,.,.,.,.,741
DZ11E,100,"Lobar, Atypical or Viral Pneumonia, with CC Score 12-14",.,452,.,.,.,.,.,.,.,.,.,.,776,.,.,.,.,"1,228"
DZ11E,300,"Lobar, Atypical or Viral Pneumonia, with CC Score 12-14","3,506","15,451",404,907,654,.,528,.,"1,127",.,"3,856",.,"5,416",.,"3,013",.,"13,938","48,800"
DZ11E,301,"Lobar, Atypical or Viral Pneumonia, with CC Score 12-14",.,374,.,.,.,.,.,.,.,.,.,.,.,.,.,.,.,374
DZ11E,340,"Lobar, Atypical or Viral Pneumonia, with CC Score 12-14",.,.,.,.,.,.,.,.,.,.,.,.,932,.,.,.,.,932
DZ11E,361,"Lobar, Atypical or Viral Pneumonia, with CC Score 12-14",.,.,.,.,.,819,.,.,.,.,.,.,.,.,.,.,.,819
DZ11E,430,"Lobar, Atypical or Viral Pneumonia, with CC Score 12-14",.,370,.,.,.,.,.,.,.,.,388,.,.,407,644,.,.,"1,809"
DZ11F,100,"Lobar, Atypical or Viral Pneumonia, with CC Score 9-11",.,.,.,.,"1,752",395,.,.,.,.,.,.,.,.,.,.,455,"2,602"
DZ11F,300,"Lobar, Atypical or Viral Pneumonia, with CC Score 9-11","7,451","34,968","3,636","3,629","2,941",904,"2,110",.,"2,630",.,"10,755",.,"19,196",.,"8,536",.,"55,385","152,142"
DZ11F,301,"Lobar, Atypical or Viral Pneumonia, with CC Score 9-11",.,"1,121",.,.,.,.,.,.,.,.,.,.,.,.,.,.,.,"1,121"
DZ11F,320,"Lobar, Atypical or Viral Pneumonia, with CC Score 9-11",.,"1,689",.,547,385,.,.,.,.,.,.,.,.,.,799,.,.,"3,420"
DZ11F,340,"Lobar, Atypical or Viral Pneumonia, with CC Score 9-11",.,.,"1,859",.,.,.,.,.,.,.,.,.,"2,331",.,.,.,.,"4,190"
DZ11F,361,"Lobar, Atypical or Viral Pneumonia, with CC Score 9-11",.,.,"7,039",.,.,"2,047",.,.,.,.,.,.,.,.,.,.,.,"9,086"
DZ11F,430,"Lobar, Atypical or Viral Pneumonia, with CC Score 9-11",368,"1,852",997,.,.,.,.,.,.,.,"1,163",.,"1,307",.,644,.,"1,492","7,824"
DZ11G,100,"Lobar, Atypical or Viral Pneumonia, with CC Score 6-8",.,452,.,.,438,791,.,.,.,.,525,.,776,.,.,.,.,"2,982"
DZ11G,180,"Lobar, Atypical or Viral Pneumonia, with CC Score 6-8",.,913,.,.,.,.,.,.,.,.,449,.,918,.,.,.,.,"2,281"
DZ11G,300,"Lobar, Atypical or Viral Pneumonia, with CC Score 6-8","36,817","80,915","13,745","6,804","12,744","2,712","2,638",.,"14,602",.,"26,447",.,"65,122",.,"22,597",.,"141,948","427,088"
DZ11G,301,"Lobar, Atypical or Viral Pneumonia, with CC Score 6-8",.,"1,121",.,.,.,.,.,.,.,.,.,.,.,.,.,.,.,"1,121"
DZ11G,320,"Lobar, Atypical or Viral Pneumonia, with CC Score 6-8",689,"2,111",568,.,385,.,.,.,655,.,453,.,.,.,"1,599",552,.,"7,012"
DZ11G,340,"Lobar, Atypical or Viral Pneumonia, with CC Score 6-8",.,.,"4,575",.,.,.,.,.,.,.,.,.,"11,186",.,.,.,.,"15,762"
DZ11G,361,"Lobar, Atypical or Viral Pneumonia, with CC Score 6-8","1,042","3,977",.,.,.,.,.,.,.,.,.,.,.,.,.,.,383,"5,403"
DZ11G,430,"Lobar, Atypical or Viral Pneumonia, with CC Score 6-8","2,578","7,409","5,438",.,"1,088",.,.,.,.,.,"4,035",.,"8,498",.,"1,288",.,"1,194","31,526"
DZ11H,100,"Lobar, Atypical or Viral Pneumonia, with CC Score 3-5",457,.,.,573,876,.,.,.,.,.,.,.,.,.,"1,294",.,455,"3,654"
DZ11H,180,"Lobar, Atypical or Viral Pneumonia, with CC Score 3-5",.,"1,370",.,.,.,.,.,.,.,.,.,.,"1,530",.,.,.,.,"2,901"
DZ11H,300,"Lobar, Atypical or Viral Pneumonia, with CC Score 3-5","44,268","102,059","22,292","12,247","14,377","6,930","5,803",.,"18,789",.,"55,332",.,"102,171",.,"24,103",.,"156,619","564,990"
DZ11H,301,"Lobar, Atypical or Viral Pneumonia, with CC Score 3-5",.,"2,990",.,.,.,.,.,.,.,.,.,.,.,.,.,.,.,"2,990"
DZ11H,303,"Lobar, Atypical or Viral Pneumonia, with CC Score 3-5",.,714,.,.,.,.,.,.,.,.,.,.,.,.,.,.,.,714
DZ11H,320,"Lobar, Atypical or Viral Pneumonia, with CC Score 3-5","3,444","5,912",.,547,385,358,.,.,.,.,"2,717",.,.,.,799,.,456,"14,618"
DZ11H,340,"Lobar, Atypical or Viral Pneumonia, with CC Score 3-5",.,.,"5,113",.,.,.,.,.,.,.,.,.,"20,978",.,.,.,.,"26,091"
DZ11H,361,"Lobar, Atypical or Viral Pneumonia, with CC Score 3-5","1,042",.,"4,224",.,.,"2,456",.,.,.,.,.,.,.,.,.,.,.,"7,722"
DZ11H,370,"Lobar, Atypical or Viral Pneumonia, with CC Score 3-5",.,.,708,.,.,.,.,.,.,.,.,.,.,.,.,.,.,708
DZ11H,430,"Lobar, Atypical or Viral Pneumonia, with CC Score 3-5","2,210","8,520","4,488",.,"3,988",.,.,.,.,.,"9,407",.,"16,342",.,"2,575",.,895,"48,424"
DZ11J,100,"Lobar, Atypical or Viral Pneumonia, with CC Score 0-2",.,452,.,.,876,.,.,.,.,.,"1,576",.,776,.,647,.,.,"4,327"
DZ11J,101,"Lobar, Atypical or Viral Pneumonia, with CC Score 0-2",.,.,675,.,.,.,.,.,.,.,.,.,.,.,.,.,.,675
DZ11J,120,"Lobar, Atypical or Viral Pneumonia, with CC Score 0-2",.,.,.,.,.,.,.,.,.,.,.,.,"1,025",.,.,.,.,"1,025"
DZ11J,180,"Lobar, Atypical or Viral Pneumonia, with CC Score 0-2",.,"4,111",.,.,.,.,.,.,.,.,674,.,"3,979",.,.,.,.,"8,763"
DZ11J,300,"Lobar, Atypical or Viral Pneumonia, with CC Score 0-2","33,311","71,157","14,140","9,072","8,823","6,026","6,858",.,"8,643",.,"59,022",.,"80,760",.,"17,073",.,"81,427","396,310"
DZ11J,301,"Lobar, Atypical or Viral Pneumonia, with CC Score 0-2",.,"1,495",.,.,.,.,.,.,.,.,.,.,.,.,.,.,.,"1,495"
DZ11J,302,"Lobar, Atypical or Viral Pneumonia, with CC Score 0-2",.,.,.,.,.,.,.,.,.,.,.,.,488,.,.,.,.,488
DZ11J,303,"Lobar, Atypical or Viral Pneumonia, with CC Score 0-2",.,.,712,.,.,.,.,.,.,.,.,.,.,.,.,.,.,712
DZ11J,320,"Lobar, Atypical or Viral Pneumonia, with CC Score 0-2",.,"1,267",568,"1,641",385,716,701,.,.,.,453,.,"1,221",.,.,"2,760",456,"10,168"
DZ11J,340,"Lobar, Atypical or Viral Pneumonia, with CC Score 0-2",.,.,"3,181",.,.,714,.,.,.,.,.,.,"26,106",.,.,.,.,"30,000"
DZ11J,410,"Lobar, Atypical or Viral Pneumonia, with CC Score 0-2",.,.,.,.,.,.,.,685,.,.,.,.,.,.,.,.,.,685
DZ11J,430,"Lobar, Atypical or Viral Pneumonia, with CC Score 0-2",737,"2,223","1,995",.,"1,088",.,.,.,.,.,"6,590",.,"21,571",.,644,.,298,"35,145"
DZ11J,501,"Lobar, Atypical or Viral Pneumonia, with CC Score 0-2",.,.,.,.,.,"1,013",.,.,.,.,.,.,.,.,.,.,.,"1,013"
DZ12C,300,Bronchiectasis with CC Score 8+,877,813,"1,212","1,361",.,.,.,.,.,.,.,.,386,.,.,.,734,"5,382"
DZ12C,320,Bronchiectasis with CC Score 8+,.,.,.,.,.,.,.,.,.,.,453,.,.,.,.,.,.,453
DZ12C,430,Bronchiectasis with CC Score 8+,.,370,.,.,.,.,.,.,.,.,.,.,.,.,.,.,.,370
DZ12D,300,Bronchiectasis with CC Score 5-7,"1,315","6,099","1,616","1,814",.,.,.,.,"2,255",.,"1,441",.,"2,703",.,"1,004",.,"4,768","23,016"
DZ12D,320,Bronchiectasis with CC Score 5-7,.,.,568,.,.,.,.,.,.,.,.,.,.,.,.,.,.,568
DZ12D,340,Bronchiectasis with CC Score 5-7,.,.,"1,859",.,.,.,.,.,.,.,.,.,.,.,.,.,.,"1,859"
DZ12D,361,Bronchiectasis with CC Score 5-7,.,.,704,.,.,.,.,.,.,.,.,.,.,.,.,.,.,704
DZ12D,430,Bronchiectasis with CC Score 5-7,.,.,.,.,.,.,.,.,.,.,775,.,.,.,.,.,.,775
DZ12E,300,Bronchiectasis with CC Score 2-4,"8,766","8,945","6,056","4,536",654,.,.,.,"1,879",.,"6,619",.,"5,405",.,"2,511",.,"2,201","47,572"
DZ12E,320,Bronchiectasis with CC Score 2-4,.,845,.,547,.,.,.,.,.,.,453,.,.,.,.,.,.,"1,844"
DZ12E,340,Bronchiectasis with CC Score 2-4,.,.,"4,072",.,.,.,.,.,.,.,.,.,"1,864",.,.,.,.,"5,936"
DZ12E,430,Bronchiectasis with CC Score 2-4,.,.,997,.,.,.,.,.,.,.,388,.,654,.,.,.,.,"2,039"
DZ12F,120,Bronchiectasis with CC Score 0-1,.,.,.,.,.,.,.,.,.,.,.,.,512,.,.,.,.,512
DZ12F,300,Bronchiectasis with CC Score 0-1,"2,630",407,"4,436",.,.,.,.,.,"1,127",.,"3,827",.,"8,880",.,"2,009",.,"1,100","24,417"
DZ12F,320,Bronchiectasis with CC Score 0-1,.,.,.,.,.,.,.,.,.,.,453,.,.,.,.,552,.,"1,005"
DZ12F,340,Bronchiectasis with CC Score 0-1,.,.,"2,789",.,.,.,.,.,.,.,.,.,"3,729",.,.,.,.,"6,518"
DZ12F,430,Bronchiectasis with CC Score 0-1,.,.,.,.,.,.,.,.,.,.,775,.,654,.,.,.,.,"1,429"
DZ13A,320,Cystic Fibrosis with CC Score 1+,.,.,568,.,.,.,.,.,.,.,.,.,.,.,.,.,.,568
DZ14C,300,"Pulmonary, Pleural or Other Tuberculosis, with CC Score 5+",877,.,.,.,.,.,.,.,.,.,.,.,.,.,.,.,734,"1,610"
DZ14D,300,"Pulmonary, Pleural or Other Tuberculosis, with CC Score 2-4",.,.,.,.,327,.,.,.,.,.,.,.,772,.,.,.,.,"1,099"
DZ14D,350,"Pulmonary, Pleural or Other Tuberculosis, with CC Score 2-4",.,.,.,.,.,.,.,.,.,.,.,.,"1,035",.,.,.,.,"1,035"
DZ14D,400,"Pulmonary, Pleural or Other Tuberculosis, with CC Score 2-4",.,.,.,.,.,.,.,.,.,.,.,.,799,.,.,.,.,799
DZ14D,430,"Pulmonary, Pleural or Other Tuberculosis, with CC Score 2-4",.,.,.,.,.,.,.,.,.,.,.,.,.,.,644,.,.,644
DZ14E,180,"Pulmonary, Pleural or Other Tuberculosis, with CC Score 0-1",.,.,.,.,894,.,.,.,.,.,.,.,.,.,.,.,.,894
DZ14E,300,"Pulmonary, Pleural or Other Tuberculosis, with CC Score 0-1",.,.,404,.,327,.,.,.,.,.,.,.,"1,158",.,.,.,.,"1,889"
DZ14E,340,"Pulmonary, Pleural or Other Tuberculosis, with CC Score 0-1",.,.,.,.,.,.,.,.,.,.,.,.,466,.,.,.,.,466
DZ14E,350,"Pulmonary, Pleural or Other Tuberculosis, with CC Score 0-1",.,.,.,.,.,.,.,.,.,.,.,.,"1,035",.,.,.,.,"1,035"
DZ15G,300,Asthma with Intubation,.,.,.,.,.,301,.,.,.,.,.,.,.,.,.,.,.,301
DZ15H,300,"Asthma without Intubation, with CC Score 9+",.,407,.,.,.,.,.,.,"1,127",.,.,.,.,.,.,.,.,"1,534"
DZ15J,300,"Asthma without Intubation, with CC Score 6-8","2,191","1,220",808,907,.,.,.,.,"1,127",.,.,.,"1,158",.,502,.,"2,568","10,482"
DZ15J,320,"Asthma without Intubation, with CC Score 6-8",.,.,.,547,.,.,.,.,.,.,.,.,.,.,.,.,.,547
DZ15J,340,"Asthma without Intubation, with CC Score 6-8",.,.,465,.,.,.,.,.,.,.,.,.,.,.,.,.,.,465
DZ15J,361,"Asthma without Intubation, with CC Score 6-8",.,.,.,.,.,"1,228",.,.,.,.,.,.,.,.,.,.,.,"1,228"
DZ15J,430,"Asthma without Intubation, with CC Score 6-8",.,370,.,.,.,352,.,.,.,.,.,.,.,.,.,.,.,722
DZ15K,180,"Asthma without Intubation, with CC Score 3-5",.,457,.,.,.,.,.,.,.,.,.,.,.,.,.,.,.,457
DZ15K,300,"Asthma without Intubation, with CC Score 3-5","15,340","7,319",404,"4,536",980,"1,205",528,.,"3,006",.,"3,293",.,"10,811",.,"1,506",.,"13,938","62,866"
DZ15K,320,"Asthma without Intubation, with CC Score 3-5",.,.,.,.,.,.,701,.,.,.,453,.,.,.,.,.,.,"1,154"
DZ15K,340,"Asthma without Intubation, with CC Score 3-5",.,.,930,.,.,.,.,.,.,.,.,.,"1,864",.,.,.,.,"2,794"
DZ15K,370,"Asthma without Intubation, with CC Score 3-5",.,.,708,.,.,.,.,.,.,.,.,.,.,.,.,.,.,708
DZ15K,430,"Asthma without Intubation, with CC Score 3-5",.,370,.,.,.,.,.,.,.,.,"1,163",.,.,.,.,.,.,"1,533"
DZ15L,100,"Asthma without Intubation, with CC Score 0-2",.,.,.,.,.,.,.,.,.,.,.,.,388,.,.,.,.,388
DZ15L,180,"Asthma without Intubation, with CC Score 0-2",.,457,.,.,"1,789",.,.,.,.,.,898,.,"6,428",.,.,.,.,"9,571"
DZ15L,300,"Asthma without Intubation, with CC Score 0-2","33,311","25,210","4,848","15,422","2,614","8,135","4,220",.,"5,637",.,"22,208",.,"35,907",.,"11,549",.,"36,679","205,740"
DZ15L,320,"Asthma without Intubation, with CC Score 0-2",.,422,.,"1,641",.,358,.,.,655,.,453,.,.,.,.,.,456,"3,985"
DZ15L,340,"Asthma without Intubation, with CC Score 0-2",.,.,"3,254",.,.,.,.,.,.,.,.,.,"18,644",.,.,.,.,"21,898"
DZ15L,430,"Asthma without Intubation, with CC Score 0-2",.,"1,482",.,.,.,.,.,.,.,.,"1,551",.,"1,961",.,644,.,.,"5,637"
DZ15L,501,"Asthma without Intubation, with CC Score 0-2",.,.,.,.,939,.,.,.,.,.,.,.,.,.,.,.,.,939
DZ16D,430,Pleural Effusion with CC Score 12+,.,.,.,.,.,.,.,.,.,.,388,.,.,.,.,.,.,388
DZ16E,300,Pleural Effusion with CC Score 8-11,438,407,808,.,654,.,.,.,376,.,334,.,"2,703",.,.,.,"2,568","8,287"
DZ16E,320,Pleural Effusion with CC Score 8-11,689,422,.,.,.,.,.,.,.,.,.,.,.,.,.,.,.,"1,111"
DZ16E,340,Pleural Effusion with CC Score 8-11,.,.,.,.,.,.,.,.,.,.,.,.,466,.,.,.,.,466
DZ16F,100,Pleural Effusion with CC Score 4-7,.,452,.,.,.,.,.,.,.,.,.,.,.,.,.,.,.,452
DZ16F,180,Pleural Effusion with CC Score 4-7,.,.,.,.,.,.,.,.,.,.,225,.,.,.,.,.,.,225
DZ16F,300,Pleural Effusion with CC Score 4-7,"3,068","7,726","1,616","1,361",654,301,.,.,376,.,"2,214",.,"3,475",.,"1,506",.,"9,903","32,200"
DZ16F,301,Pleural Effusion with CC Score 4-7,.,374,.,.,.,.,.,.,.,.,.,.,.,.,.,.,.,374
DZ16F,320,Pleural Effusion with CC Score 4-7,.,422,.,.,385,.,.,.,.,.,453,.,.,.,.,.,.,"1,260"
DZ16F,340,Pleural Effusion with CC Score 4-7,.,.,.,.,.,.,.,.,.,.,.,.,"1,864",.,.,.,.,"1,864"
DZ16F,361,Pleural Effusion with CC Score 4-7,521,.,.,.,.,"1,638",.,.,.,.,.,.,.,.,.,.,.,"2,159"
DZ16F,370,Pleural Effusion with CC Score 4-7,.,.,708,.,.,.,.,.,.,.,.,.,.,.,.,.,.,708
DZ16G,100,Pleural Effusion with CC Score 0-3,457,452,.,573,.,.,.,.,.,.,.,.,.,.,.,.,.,"1,481"
DZ16G,172,Pleural Effusion with CC Score 0-3,.,.,.,.,.,.,.,.,.,.,.,.,"1,597",.,.,.,.,"1,597"
DZ16G,180,Pleural Effusion with CC Score 0-3,.,.,.,.,.,.,.,.,.,.,225,.,918,.,.,.,.,"1,143"
DZ16G,300,Pleural Effusion with CC Score 0-3,"7,451",813,"4,848",907,654,.,"1,055",.,752,.,"3,092",.,"20,062",.,"1,506",.,"8,803","49,943"
DZ16G,303,Pleural Effusion with CC Score 0-3,.,.,712,.,.,.,.,.,.,.,.,.,.,.,.,.,.,712
DZ16G,320,Pleural Effusion with CC Score 0-3,.,845,568,.,385,.,.,.,.,.,.,.,.,.,799,.,.,"2,597"
DZ16G,340,Pleural Effusion with CC Score 0-3,.,.,"2,324",.,.,.,.,.,.,.,.,.,"7,458",.,.,.,.,"9,782"
DZ16G,370,Pleural Effusion with CC Score 0-3,.,.,708,.,.,.,.,.,.,.,.,.,.,.,.,.,.,708
DZ16G,430,Pleural Effusion with CC Score 0-3,.,.,499,.,.,.,.,.,.,.,.,.,654,.,.,.,.,"1,152"
DZ16G,502,Pleural Effusion with CC Score 0-3,.,.,569,.,.,.,.,.,.,.,.,.,.,.,.,.,.,569
DZ17E,300,Respiratory Neoplasms with CC Score 11+,"1,315","4,066",.,.,.,.,.,.,.,.,.,.,"1,544",.,502,.,"2,934","10,362"
DZ17E,340,Respiratory Neoplasms with CC Score 11+,.,.,.,.,.,.,.,.,.,.,.,.,466,.,.,.,.,466
DZ17F,300,Respiratory Neoplasms with CC Score 8-10,"2,191","5,693","1,616",.,327,.,.,.,.,.,"1,851",.,"2,317",.,"3,013",.,"5,869","22,876"
DZ17F,340,Respiratory Neoplasms with CC Score 8-10,.,.,.,.,.,.,.,.,.,.,.,.,466,.,.,.,.,466
DZ17F,370,Respiratory Neoplasms with CC Score 8-10,.,.,708,.,.,.,.,.,.,.,.,.,.,.,.,.,.,708
DZ17F,430,Respiratory Neoplasms with CC Score 8-10,368,.,.,.,.,.,.,.,.,.,388,.,.,.,.,.,.,756
DZ17G,300,Respiratory Neoplasms with CC Score 5-7,"5,698","7,319","6,464","1,361","1,961",603,.,.,752,.,"3,493",.,"7,722",.,"5,021",.,"9,170","49,563"
DZ17G,320,Respiratory Neoplasms with CC Score 5-7,.,.,.,547,.,.,.,.,.,.,.,.,.,.,.,.,.,547
DZ17G,340,Respiratory Neoplasms with CC Score 5-7,.,.,.,.,.,.,.,.,.,.,.,.,"1,398",.,.,.,.,"1,398"
DZ17G,370,Respiratory Neoplasms with CC Score 5-7,.,.,"7,075",.,.,.,.,.,.,.,.,.,.,.,.,.,.,"7,075"
DZ17G,430,Respiratory Neoplasms with CC Score 5-7,.,370,499,.,.,.,.,.,.,.,"1,163",.,"2,615",.,.,.,.,"4,647"
DZ17H,100,Respiratory Neoplasms with CC Score 3-4,.,452,.,.,.,.,.,.,.,.,.,.,776,.,.,.,.,"1,228"
DZ17H,120,Respiratory Neoplasms with CC Score 3-4,.,.,.,.,378,.,.,.,.,.,.,.,.,.,.,.,.,378
DZ17H,180,Respiratory Neoplasms with CC Score 3-4,.,.,.,.,894,.,.,.,.,.,.,.,.,.,.,.,.,894
DZ17H,300,Respiratory Neoplasms with CC Score 3-4,"3,068","5,693","5,656",454,654,904,528,.,"1,503",.,"3,280",.,"5,405",.,"1,506",.,"15,038","43,688"
DZ17H,303,Respiratory Neoplasms with CC Score 3-4,.,.,712,.,.,.,.,.,.,.,.,.,.,.,.,.,.,712
DZ17H,320,Respiratory Neoplasms with CC Score 3-4,.,422,.,.,.,.,.,.,.,.,.,.,.,.,.,.,.,422
DZ17H,340,Respiratory Neoplasms with CC Score 3-4,.,.,465,.,.,.,.,.,.,.,.,.,932,.,.,.,.,"1,397"
DZ17H,370,Respiratory Neoplasms with CC Score 3-4,.,.,"7,783",.,.,.,.,.,.,.,.,.,.,.,.,.,.,"7,783"
DZ17H,430,Respiratory Neoplasms with CC Score 3-4,.,.,.,.,.,.,.,.,.,.,.,.,"1,961",.,.,.,.,"1,961"
DZ17J,100,Respiratory Neoplasms with CC Score 1-2,.,.,.,.,876,.,.,.,.,.,.,.,.,.,.,.,.,876
DZ17J,300,Respiratory Neoplasms with CC Score 1-2,"3,506","2,846","3,636",907,980,301,528,.,752,.,"2,601",.,"8,010",.,"1,004",.,"6,122","31,194"
DZ17J,340,Respiratory Neoplasms with CC Score 1-2,.,.,465,.,.,.,.,.,.,.,.,.,932,.,.,.,.,"1,397"
DZ17J,370,Respiratory Neoplasms with CC Score 1-2,.,.,"4,245",.,.,.,.,.,.,.,.,.,.,.,.,.,.,"4,245"
DZ17J,430,Respiratory Neoplasms with CC Score 1-2,.,.,.,.,363,.,.,.,.,.,775,.,654,.,.,.,.,"1,792"
DZ17K,172,Respiratory Neoplasms with CC Score 0,.,.,.,.,.,.,.,.,.,.,.,.,"1,646",.,.,.,.,"1,646"
DZ17K,300,Respiratory Neoplasms with CC Score 0,"3,068",813,808,.,.,.,.,.,752,.,"3,501",.,386,.,.,.,.,"9,328"
DZ17K,301,Respiratory Neoplasms with CC Score 0,.,374,.,.,.,.,.,.,.,.,.,.,.,.,.,.,.,374
DZ17K,340,Respiratory Neoplasms with CC Score 0,.,.,.,.,.,.,.,.,.,.,.,.,466,.,.,.,.,466
DZ17K,370,Respiratory Neoplasms with CC Score 0,.,.,708,.,.,.,.,.,.,.,.,.,.,.,.,.,.,708
DZ17K,430,Respiratory Neoplasms with CC Score 0,.,.,.,.,.,.,.,.,.,.,388,.,.,.,.,.,.,388
DZ18A,300,Sleeping Disorders Affecting Breathing with CC Score 5+,.,.,.,.,.,.,.,.,.,.,.,.,386,.,.,.,367,753
DZ18A,320,Sleeping Disorders Affecting Breathing with CC Score 5+,689,422,"1,136",.,.,.,.,.,.,.,.,.,.,.,.,.,.,"2,248"
DZ18A,340,Sleeping Disorders Affecting Breathing with CC Score 5+,.,.,.,.,.,.,.,.,.,.,.,.,466,.,.,.,.,466
DZ18B,100,Sleeping Disorders Affecting Breathing with CC Score 2-4,.,.,.,.,.,395,.,.,.,.,.,.,.,.,.,.,.,395
DZ18B,300,Sleeping Disorders Affecting Breathing with CC Score 2-4,877,.,.,.,.,.,.,.,.,.,.,.,386,.,502,.,734,"2,498"
DZ18B,430,Sleeping Disorders Affecting Breathing with CC Score 2-4,.,.,.,.,.,.,.,.,.,.,.,.,654,.,.,.,.,654
DZ18C,300,Sleeping Disorders Affecting Breathing with CC Score 0-1,.,407,.,.,.,.,.,.,.,.,305,.,.,.,.,.,.,712
DZ19D,300,Other Respiratory Disorders with CC Score 12+,.,.,.,.,.,.,.,.,.,.,.,.,.,.,502,.,367,869
DZ19D,430,Other Respiratory Disorders with CC Score 12+,.,.,.,.,.,.,.,.,.,.,388,.,.,.,.,.,.,388
DZ19E,300,Other Respiratory Disorders with CC Score 9-11,"2,191","3,253",.,454,327,301,528,.,.,.,592,.,"1,158",.,"1,004",.,"2,201","12,009"
DZ19E,320,Other Respiratory Disorders with CC Score 9-11,689,.,.,.,385,.,.,.,.,.,453,.,611,.,.,.,.,"2,137"
DZ19E,340,Other Respiratory Disorders with CC Score 9-11,.,.,.,.,.,.,.,.,.,.,.,.,466,.,.,.,.,466
DZ19E,430,Other Respiratory Disorders with CC Score 9-11,.,.,.,.,.,.,.,.,.,.,.,.,654,.,.,.,.,654
DZ19F,180,Other Respiratory Disorders with CC Score 6-8,.,.,.,.,894,.,.,.,.,.,225,.,.,.,.,.,.,"1,119"
DZ19F,300,Other Respiratory Disorders with CC Score 6-8,"12,711","7,319","2,020","3,629","5,882",603,528,.,"1,127",.,"3,394",.,"5,019",.,"1,506",.,"14,305","58,042"
DZ19F,320,Other Respiratory Disorders with CC Score 6-8,"3,444",.,568,547,.,.,.,.,.,.,.,.,.,.,799,"2,760",.,"8,119"
DZ19F,340,Other Respiratory Disorders with CC Score 6-8,.,.,930,.,.,.,.,.,.,.,.,.,"1,398",.,.,.,.,"2,328"
DZ19F,361,Other Respiratory Disorders with CC Score 6-8,521,.,.,.,.,.,.,.,.,.,.,.,.,.,.,.,.,521
DZ19F,430,Other Respiratory Disorders with CC Score 6-8,368,370,.,.,363,.,.,.,.,.,775,.,654,.,.,.,597,"3,127"
DZ19G,100,Other Respiratory Disorders with CC Score 0-5,"1,370",.,.,573,876,.,.,.,.,.,.,.,388,.,.,.,.,"3,207"
DZ19G,120,Other Respiratory Disorders with CC Score 0-5,"1,079",450,.,.,.,.,.,.,.,.,.,.,"2,146",.,.,.,.,"3,675"
DZ19G,130,Other Respiratory Disorders with CC Score 0-5,.,.,.,.,.,.,.,.,.,.,.,.,468,.,.,.,.,468
DZ19G,172,Other Respiratory Disorders with CC Score 0-5,.,.,.,.,.,.,.,.,.,.,.,.,798,.,.,.,.,798
DZ19G,180,Other Respiratory Disorders with CC Score 0-5,.,"3,197",.,.,"1,789",.,.,.,.,.,"2,470",.,"7,346",.,.,.,.,"14,801"
DZ19G,300,Other Respiratory Disorders with CC Score 0-5,"84,696","46,737","16,564","13,154","18,299","3,917","1,583",.,"4,134",.,"25,459",.,"43,243",.,"10,545",.,"38,146","306,474"
DZ19G,301,Other Respiratory Disorders with CC Score 0-5,.,"2,243",.,.,.,.,.,.,.,.,.,.,.,.,.,.,.,"2,243"
DZ19G,303,Other Respiratory Disorders with CC Score 0-5,.,357,.,.,.,.,.,.,.,.,.,.,.,.,.,.,.,357
DZ19G,320,Other Respiratory Disorders with CC Score 0-5,"9,644","3,800","1,705","4,376",770,716,.,.,.,.,"2,717",.,611,.,799,"69,006","2,279","96,423"
DZ19G,340,Other Respiratory Disorders with CC Score 0-5,.,.,"1,401",.,.,.,.,.,.,.,.,.,"11,186",.,.,.,.,"12,588"
DZ19G,361,Other Respiratory Disorders with CC Score 0-5,.,.,"2,112",.,.,409,.,.,.,.,.,.,.,.,.,.,.,"2,521"
DZ19G,430,Other Respiratory Disorders with CC Score 0-5,"1,473","2,593",499,.,"1,450",.,.,.,.,.,"2,714",.,"4,576",.,.,.,.,"13,304"
DZ19G,501,Other Respiratory Disorders with CC Score 0-5,"2,056","4,776",.,"2,255",939,"2,026",.,.,.,.,.,.,"1,915",.,.,.,"3,651","17,619"
DZ19G,502,Other Respiratory Disorders with CC Score 0-5,.,.,.,.,.,.,.,.,.,.,.,.,.,.,.,.,544,544
DZ20A,300,Pulmonary Oedema with CC Score 9+,.,.,808,.,654,.,.,.,.,.,.,.,386,.,.,.,367,"2,214"
DZ20A,320,Pulmonary Oedema with CC Score 9+,.,.,.,.,385,.,.,.,.,.,.,.,.,.,.,.,.,385
DZ20B,300,Pulmonary Oedema with CC Score 4-8,"2,191",.,.,.,"1,634","1,205",.,.,376,.,.,.,"1,544",.,.,.,"1,100","8,051"
DZ20B,340,Pulmonary Oedema with CC Score 4-8,.,.,.,.,.,.,.,.,.,.,.,.,466,.,.,.,.,466
DZ20B,361,Pulmonary Oedema with CC Score 4-8,.,.,.,.,.,"2,047",.,.,.,.,.,.,.,.,.,.,.,"2,047"
DZ20B,430,Pulmonary Oedema with CC Score 4-8,.,.,.,.,.,.,.,.,.,.,.,.,654,.,644,.,.,"1,297"
DZ20C,300,Pulmonary Oedema with CC Score 0-3,"1,315","1,626",.,.,654,.,.,.,.,.,.,.,"1,931",.,.,.,.,"5,525"
DZ20C,340,Pulmonary Oedema with CC Score 0-3,.,.,.,.,.,.,.,.,.,.,.,.,932,.,.,.,.,932
DZ20C,430,Pulmonary Oedema with CC Score 0-3,.,.,.,.,.,.,.,.,.,.,.,.,654,.,.,.,.,654
DZ21A,100,"Chronic Obstructive Pulmonary Disease or Bronchitis, with length of stay 1 day or less, discharged home",.,.,.,573,.,791,.,.,.,.,525,.,"2,328",.,"1,294",.,.,"5,511"
DZ21A,110,"Chronic Obstructive Pulmonary Disease or Bronchitis, with length of stay 1 day or less, discharged home",.,.,.,.,374,.,.,.,.,.,.,.,612,.,.,.,.,985
DZ21A,180,"Chronic Obstructive Pulmonary Disease or Bronchitis, with length of stay 1 day or less, discharged home",.,457,.,.,"4,471",.,.,.,.,.,"1,572",.,"4,696",.,.,.,.,"11,195"
DZ21A,300,"Chronic Obstructive Pulmonary Disease or Bronchitis, with length of stay 1 day or less, discharged home","130,613","158,577","74,321","33,565","33,330","17,174","6,858",.,"30,814",.,"152,506",.,"213,789",.,"78,837",.,"258,954","1,189,337"
DZ21A,301,"Chronic Obstructive Pulmonary Disease or Bronchitis, with length of stay 1 day or less, discharged home",.,"1,869",.,.,.,.,.,.,.,.,.,.,.,.,.,.,.,"1,869"
DZ21A,302,"Chronic Obstructive Pulmonary Disease or Bronchitis, with length of stay 1 day or less, discharged home",.,.,.,.,.,.,.,.,.,.,.,.,977,.,.,.,.,977
DZ21A,303,"Chronic Obstructive Pulmonary Disease or Bronchitis, with length of stay 1 day or less, discharged home","1,665",.,.,.,.,.,.,.,.,.,.,.,.,.,.,.,.,"1,665"
DZ21A,320,"Chronic Obstructive Pulmonary Disease or Bronchitis, with length of stay 1 day or less, discharged home","8,955","5,489",568,"2,188","2,310","2,148","1,402",.,655,.,"8,135",.,"1,221",.,"3,197","1,104",456,"37,829"
DZ21A,340,"Chronic Obstructive Pulmonary Disease or Bronchitis, with length of stay 1 day or less, discharged home",.,.,"28,062",.,.,714,.,.,.,.,.,.,"51,297",.,.,.,.,"80,073"
DZ21A,361,"Chronic Obstructive Pulmonary Disease or Bronchitis, with length of stay 1 day or less, discharged home",521,.,"2,112",.,.,"1,638",.,.,.,.,.,.,.,.,.,.,.,"4,270"
DZ21A,430,"Chronic Obstructive Pulmonary Disease or Bronchitis, with length of stay 1 day or less, discharged home","1,105","5,556","4,488",.,"2,175",.,.,.,.,360,"22,097",.,"12,361",.,"1,931",.,895,"50,968"
DZ21A,501,"Chronic Obstructive Pulmonary Disease or Bronchitis, with length of stay 1 day or less, discharged home",.,.,.,.,939,.,.,.,.,.,.,.,.,.,.,.,.,939
DZ21L,300,"Chronic Obstructive Pulmonary Disease or Bronchitis, with Intubation",.,.,.,.,.,.,.,.,.,.,530,.,.,.,.,.,.,530
DZ21L,340,"Chronic Obstructive Pulmonary Disease or Bronchitis, with Intubation",.,.,472,.,.,.,.,.,.,.,.,.,.,.,.,.,.,472
DZ21M,110,"Chronic Obstructive Pulmonary Disease or Bronchitis, with NIV, without Intubation, with CC Score 8+","1,115",.,.,.,.,.,.,.,.,.,.,.,.,.,.,.,.,"1,115"
DZ21M,300,"Chronic Obstructive Pulmonary Disease or Bronchitis, with NIV, without Intubation, with CC Score 8+",.,.,480,.,.,.,.,.,.,.,.,.,.,.,.,.,.,480
DZ21N,300,"Chronic Obstructive Pulmonary Disease or Bronchitis, with NIV, without Intubation, with CC Score 4-7",438,407,.,.,327,.,.,.,.,.,"1,042",.,901,.,.,.,367,"3,481"
DZ21N,320,"Chronic Obstructive Pulmonary Disease or Bronchitis, with NIV, without Intubation, with CC Score 4-7",.,.,.,547,.,.,.,.,.,.,.,.,.,.,.,.,.,547
DZ21N,340,"Chronic Obstructive Pulmonary Disease or Bronchitis, with NIV, without Intubation, with CC Score 4-7",.,.,.,.,.,.,.,.,.,.,.,.,470,.,.,.,.,470
DZ21P,300,"Chronic Obstructive Pulmonary Disease or Bronchitis, with NIV, without Intubation, with CC Score 0-3",438,407,.,.,.,.,.,.,.,.,592,.,450,.,.,.,734,"2,621"
DZ21Q,300,"Chronic Obstructive Pulmonary Disease or Bronchitis, without NIV, without Intubation, with CC Score 13+",.,.,.,.,.,.,.,.,.,.,.,.,386,.,502,.,.,888
DZ21R,300,"Chronic Obstructive Pulmonary Disease or Bronchitis, without NIV, without Intubation, with CC Score 10-12",.,.,.,.,327,.,.,.,.,.,721,.,386,.,502,.,"1,100","3,036"
DZ21R,430,"Chronic Obstructive Pulmonary Disease or Bronchitis, without NIV, without Intubation, with CC Score 10-12",.,.,.,.,.,.,.,.,.,.,388,.,654,.,.,.,.,"1,041"
DZ21S,100,"Chronic Obstructive Pulmonary Disease or Bronchitis, without NIV, without Intubation, with CC Score 7-9",.,.,.,.,.,.,.,.,.,.,.,.,388,.,.,.,.,388
DZ21S,300,"Chronic Obstructive Pulmonary Disease or Bronchitis, without NIV, without Intubation, with CC Score 7-9",877,"2,033",.,.,327,.,528,.,.,.,"1,413",.,"3,089",.,"3,013",.,"6,969","18,247"
DZ21S,320,"Chronic Obstructive Pulmonary Disease or Bronchitis, without NIV, without Intubation, with CC Score 7-9",.,422,.,.,.,.,.,.,.,.,.,.,.,.,.,.,.,422
DZ21S,340,"Chronic Obstructive Pulmonary Disease or Bronchitis, without NIV, without Intubation, with CC Score 7-9",.,.,930,.,.,.,.,.,.,.,.,.,466,.,.,.,.,"1,396"
DZ21S,430,"Chronic Obstructive Pulmonary Disease or Bronchitis, without NIV, without Intubation, with CC Score 7-9",.,.,.,.,363,.,.,.,.,.,.,.,654,.,.,.,.,"1,016"
DZ21T,180,"Chronic Obstructive Pulmonary Disease or Bronchitis, without NIV, without Intubation, with CC Score 4-6",.,457,.,.,.,.,.,.,.,.,.,.,918,.,.,.,.,"1,375"
DZ21T,300,"Chronic Obstructive Pulmonary Disease or Bronchitis, without NIV, without Intubation, with CC Score 4-6","3,068","8,539",808,"2,721","1,307",301,"1,055",.,376,.,"4,676",.,"28,571",.,"7,030",.,"15,038","73,492"
DZ21T,320,"Chronic Obstructive Pulmonary Disease or Bronchitis, without NIV, without Intubation, with CC Score 4-6",.,422,.,547,.,.,.,.,.,.,.,.,.,.,"1,599",.,.,"2,568"
DZ21T,340,"Chronic Obstructive Pulmonary Disease or Bronchitis, without NIV, without Intubation, with CC Score 4-6",.,.,.,.,.,.,.,.,.,.,.,.,"18,178",.,.,.,.,"18,178"
DZ21T,361,"Chronic Obstructive Pulmonary Disease or Bronchitis, without NIV, without Intubation, with CC Score 4-6",.,.,"2,816",.,.,.,.,.,.,.,.,.,.,.,.,.,.,"2,816"
DZ21T,430,"Chronic Obstructive Pulmonary Disease or Bronchitis, without NIV, without Intubation, with CC Score 4-6",.,370,.,.,.,.,.,.,.,.,775,.,"5,883",.,.,.,597,"7,626"
DZ21U,100,"Chronic Obstructive Pulmonary Disease or Bronchitis, without NIV, without Intubation, with CC Score 0-3",.,.,.,.,.,.,.,.,.,.,.,.,388,.,.,.,.,388
DZ21U,180,"Chronic Obstructive Pulmonary Disease or Bronchitis, without NIV, without Intubation, with CC Score 0-3",.,.,.,.,.,.,.,.,.,.,.,.,"1,530",.,.,.,.,"1,530"
DZ21U,300,"Chronic Obstructive Pulmonary Disease or Bronchitis, without NIV, without Intubation, with CC Score 0-3","2,630","9,759","1,616","2,721","2,287",301,"1,055",.,752,.,"22,377",.,"118,533",.,"3,013",.,"26,409","191,453"
DZ21U,301,"Chronic Obstructive Pulmonary Disease or Bronchitis, without NIV, without Intubation, with CC Score 0-3",.,748,.,.,.,.,.,.,.,.,.,.,.,.,.,.,.,748
DZ21U,320,"Chronic Obstructive Pulmonary Disease or Bronchitis, without NIV, without Intubation, with CC Score 0-3",.,.,.,.,385,.,.,.,.,.,453,.,.,.,.,.,.,838
DZ21U,340,"Chronic Obstructive Pulmonary Disease or Bronchitis, without NIV, without Intubation, with CC Score 0-3",.,.,930,.,.,.,.,.,.,.,.,.,"85,762",.,.,.,.,"86,692"
DZ21U,430,"Chronic Obstructive Pulmonary Disease or Bronchitis, without NIV, without Intubation, with CC Score 0-3",737,"1,482",.,.,363,.,.,.,.,.,"3,101",.,"10,459",.,644,.,.,"16,785"
DZ22D,300,Unspecified Acute Lower Respiratory Infection with CC Score 14+,.,407,.,.,.,.,.,.,.,.,773,.,.,.,502,.,"1,834","3,516"
DZ22D,301,Unspecified Acute Lower Respiratory Infection with CC Score 14+,.,374,.,.,.,.,.,.,.,.,.,.,.,.,.,.,.,374
DZ22E,300,Unspecified Acute Lower Respiratory Infection with CC Score 11-13,438,407,404,.,"1,307",301,"1,055",.,752,.,.,.,"1,158",.,"3,013",.,"9,170","18,005"
DZ22E,320,Unspecified Acute Lower Respiratory Infection with CC Score 11-13,.,.,.,.,.,.,.,.,.,.,.,.,611,.,.,.,.,611
DZ22E,340,Unspecified Acute Lower Respiratory Infection with CC Score 11-13,.,.,465,.,.,.,.,.,.,.,.,.,.,.,.,.,.,465
DZ22E,430,Unspecified Acute Lower Respiratory Infection with CC Score 11-13,.,.,499,.,.,.,.,.,.,.,.,.,.,.,644,.,.,"1,142"
DZ22F,100,Unspecified Acute Lower Respiratory Infection with CC Score 8-10,.,.,.,.,.,.,.,.,.,.,.,.,388,.,.,.,.,388
DZ22F,180,Unspecified Acute Lower Respiratory Infection with CC Score 8-10,.,457,.,.,.,.,.,.,.,.,.,.,.,.,.,.,.,457
DZ22F,300,Unspecified Acute Lower Respiratory Infection with CC Score 8-10,"9,643","5,693","8,480","1,814","1,634",.,"1,055",.,"1,503",.,"1,799",.,"10,425",.,"9,039",.,"21,641","72,724"
DZ22F,303,Unspecified Acute Lower Respiratory Infection with CC Score 8-10,.,.,712,.,.,.,.,.,.,.,.,.,.,.,.,.,.,712
DZ22F,320,Unspecified Acute Lower Respiratory Infection with CC Score 8-10,.,.,.,547,.,.,.,.,.,.,.,.,.,.,.,.,.,547
DZ22F,340,Unspecified Acute Lower Respiratory Infection with CC Score 8-10,.,.,"4,184",.,.,.,.,.,.,.,.,.,.,.,.,.,.,"4,184"
DZ22F,361,Unspecified Acute Lower Respiratory Infection with CC Score 8-10,.,.,"1,408",.,.,409,.,.,.,.,.,.,.,.,.,.,.,"1,817"
DZ22F,430,Unspecified Acute Lower Respiratory Infection with CC Score 8-10,.,741,"1,496",.,"1,450",.,.,.,366,.,.,.,.,.,"1,288",.,895,"6,235"
DZ22G,100,Unspecified Acute Lower Respiratory Infection with CC Score 5-7,.,.,532,.,438,.,.,.,.,.,.,.,776,.,647,.,455,"2,848"
DZ22G,180,Unspecified Acute Lower Respiratory Infection with CC Score 5-7,.,.,.,.,894,.,.,.,.,.,.,.,612,.,.,.,.,"1,506"
DZ22G,300,Unspecified Acute Lower Respiratory Infection with CC Score 5-7,"20,600","22,363","13,320","5,897","6,535",904,"1,583",.,"7,516",.,"8,728",.,"36,357",.,"35,150",.,"74,458","233,411"
DZ22G,302,Unspecified Acute Lower Respiratory Infection with CC Score 5-7,.,.,.,.,.,.,.,.,.,.,.,.,977,.,.,.,.,977
DZ22G,320,Unspecified Acute Lower Respiratory Infection with CC Score 5-7,"2,067","2,111",568,"1,641",385,358,"2,103",.,"1,311",.,"1,812",.,"1,221",.,"2,398",552,"1,367","17,894"
DZ22G,340,Unspecified Acute Lower Respiratory Infection with CC Score 5-7,.,.,"3,254",.,.,.,.,.,.,.,.,.,"9,326",.,.,.,.,"12,580"
DZ22G,361,Unspecified Acute Lower Respiratory Infection with CC Score 5-7,.,.,.,.,.,409,.,.,.,.,.,.,.,.,.,.,.,409
DZ22G,370,Unspecified Acute Lower Respiratory Infection with CC Score 5-7,.,.,"1,415",.,.,.,.,.,.,.,.,.,.,.,.,.,.,"1,415"
DZ22G,430,Unspecified Acute Lower Respiratory Infection with CC Score 5-7,737,"4,445","4,987",.,363,.,.,.,.,.,775,.,"4,576",.,"1,288",.,597,"17,766"
DZ22H,100,Unspecified Acute Lower Respiratory Infection with CC Score 2-4,"1,370",.,.,.,.,395,.,.,.,.,525,.,"2,328",.,.,.,.,"4,619"
DZ22H,180,Unspecified Acute Lower Respiratory Infection with CC Score 2-4,.,"1,827",.,.,"2,683",.,.,.,.,.,225,.,"2,143",.,.,.,.,"6,877"
DZ22H,300,Unspecified Acute Lower Respiratory Infection with CC Score 2-4,"35,940","39,034","26,664","9,525","12,417","3,615","3,693",.,"8,267",.,"17,901",.,"99,292",.,"33,644",.,"86,082","376,075"
DZ22H,301,Unspecified Acute Lower Respiratory Infection with CC Score 2-4,.,"1,869",.,.,.,.,.,.,.,.,.,.,.,.,.,.,.,"1,869"
DZ22H,302,Unspecified Acute Lower Respiratory Infection with CC Score 2-4,.,.,.,.,.,.,.,.,.,.,.,.,488,.,.,.,.,488
DZ22H,303,Unspecified Acute Lower Respiratory Infection with CC Score 2-4,555,.,"1,424",.,.,.,.,.,.,.,.,.,.,.,.,.,.,"1,979"
DZ22H,320,Unspecified Acute Lower Respiratory Infection with CC Score 2-4,689,"2,956",568,547,"1,540",.,701,.,655,.,.,.,.,.,"1,599",.,912,"10,166"
DZ22H,340,Unspecified Acute Lower Respiratory Infection with CC Score 2-4,.,.,"5,431",.,.,.,.,.,.,.,.,.,"24,241",.,.,.,.,"29,672"
DZ22H,361,Unspecified Acute Lower Respiratory Infection with CC Score 2-4,.,.,"2,816",.,.,.,.,.,.,.,.,.,.,.,.,.,.,"2,816"
DZ22H,370,Unspecified Acute Lower Respiratory Infection with CC Score 2-4,.,.,"1,415",.,.,.,.,.,.,.,.,.,.,.,.,.,.,"1,415"
DZ22H,430,Unspecified Acute Lower Respiratory Infection with CC Score 2-4,368,"7,038","2,992",.,363,.,.,.,.,.,"1,938",.,"25,493",.,644,.,.,"38,836"
DZ22H,502,Unspecified Acute Lower Respiratory Infection with CC Score 2-4,.,.,.,.,.,.,.,.,.,.,.,.,.,.,.,.,544,544
DZ22H,823,Unspecified Acute Lower Respiratory Infection with CC Score 2-4,.,.,.,.,659,.,.,.,.,.,.,.,.,.,.,.,.,659
DZ22J,100,Unspecified Acute Lower Respiratory Infection with CC Score 0-1,457,.,.,573,.,.,.,.,.,.,.,.,"1,552",.,.,.,909,"3,491"
DZ22J,180,Unspecified Acute Lower Respiratory Infection with CC Score 0-1,.,"5,024",.,.,"8,048",.,.,.,.,.,"2,919",.,"8,264",.,.,.,.,"24,255"
DZ22J,300,Unspecified Acute Lower Respiratory Infection with CC Score 0-1,"19,285","17,484","16,564","4,989","12,090","4,218","5,803",.,"4,134",.,"31,190",.,"91,506",.,"19,082",.,"30,810","257,154"
DZ22J,302,Unspecified Acute Lower Respiratory Infection with CC Score 0-1,.,.,.,.,.,.,.,.,.,.,.,.,488,.,.,.,.,488
DZ22J,320,Unspecified Acute Lower Respiratory Infection with CC Score 0-1,"2,067",845,.,547,"1,155",.,"1,402",.,655,.,453,.,611,.,"3,197","1,104",.,"12,035"
DZ22J,340,Unspecified Acute Lower Respiratory Infection with CC Score 0-1,.,.,"3,254",.,.,.,.,.,.,.,.,.,"38,220",.,.,.,.,"41,474"
DZ22J,361,Unspecified Acute Lower Respiratory Infection with CC Score 0-1,.,.,.,.,.,.,.,.,.,.,.,.,.,.,.,.,383,383
DZ22J,370,Unspecified Acute Lower Respiratory Infection with CC Score 0-1,.,.,"1,362",.,.,.,.,.,.,.,.,.,.,.,.,.,.,"1,362"
DZ22J,430,Unspecified Acute Lower Respiratory Infection with CC Score 0-1,.,741,"1,995",.,.,.,.,.,.,.,"2,714",.,"21,571",.,"1,288",.,.,"28,307"
DZ22J,501,Unspecified Acute Lower Respiratory Infection with CC Score 0-1,"1,028",.,.,.,.,.,.,.,.,.,.,.,479,.,.,.,.,"1,507"
DZ22J,502,Unspecified Acute Lower Respiratory Infection with CC Score 0-1,.,.,.,.,.,.,.,.,.,.,.,.,.,.,.,.,544,544
DZ23D,300,Bronchopneumonia with CC Score 13+,438,"2,440",.,.,327,.,.,.,376,.,.,.,386,.,.,.,"1,100","5,067"
DZ23D,430,Bronchopneumonia with CC Score 13+,.,741,.,.,.,.,.,.,.,.,.,.,.,.,.,.,298,"1,039"
DZ23E,180,Bronchopneumonia with CC Score 9-12,.,457,.,.,.,.,.,.,.,.,.,.,.,.,.,.,.,457
DZ23E,300,Bronchopneumonia with CC Score 9-12,"3,945","9,759","1,212",907,"1,961",301,.,.,376,.,387,.,"2,317",.,"8,034",.,"13,571","42,769"
DZ23E,320,Bronchopneumonia with CC Score 9-12,.,845,.,.,.,358,.,.,.,.,.,.,.,.,.,.,.,"1,202"
DZ23E,340,Bronchopneumonia with CC Score 9-12,.,.,.,.,.,.,.,.,.,.,.,.,932,.,.,.,.,932
DZ23E,430,Bronchopneumonia with CC Score 9-12,737,"1,111",.,.,.,.,.,.,.,.,.,.,.,.,.,.,597,"2,445"
DZ23F,100,Bronchopneumonia with CC Score 5-8,.,452,.,.,438,395,.,.,.,.,.,.,.,.,.,.,.,"1,285"
DZ23F,300,Bronchopneumonia with CC Score 5-8,"11,834","19,924","1,212",907,"4,575","1,205",.,.,"3,758",.,"3,841",.,"6,178",.,"11,549",.,"28,243","93,225"
DZ23F,301,Bronchopneumonia with CC Score 5-8,.,374,.,.,.,.,.,.,.,.,.,.,.,.,.,.,.,374
DZ23F,320,Bronchopneumonia with CC Score 5-8,"4,133",422,.,"1,094",.,.,.,.,.,.,453,.,.,.,.,.,.,"6,102"
DZ23F,340,Bronchopneumonia with CC Score 5-8,.,.,472,.,.,.,.,.,.,.,.,.,"1,398",.,.,.,.,"1,870"
DZ23F,430,Bronchopneumonia with CC Score 5-8,.,"2,223",499,.,"1,088",.,.,.,.,.,388,.,"1,961",.,.,.,597,"6,754"
DZ23G,100,Bronchopneumonia with CC Score 0-4,.,.,.,.,876,.,.,.,.,.,.,.,.,.,.,.,.,876
DZ23G,300,Bronchopneumonia with CC Score 0-4,"7,889","8,539","6,136","1,361","3,921",904,.,.,752,.,"2,906",.,"3,475",.,"9,039",.,"20,907","65,828"
DZ23G,301,Bronchopneumonia with CC Score 0-4,.,374,.,.,.,.,.,.,.,.,.,.,.,.,.,.,.,374
DZ23G,303,Bronchopneumonia with CC Score 0-4,555,.,712,.,.,.,.,.,.,.,.,.,.,.,.,.,.,"1,267"
DZ23G,320,Bronchopneumonia with CC Score 0-4,.,422,.,"2,188",.,.,.,.,.,.,453,.,.,.,.,.,.,"3,063"
DZ23G,340,Bronchopneumonia with CC Score 0-4,.,.,465,.,.,.,.,.,.,.,.,.,932,.,.,.,.,"1,397"
DZ23G,430,Bronchopneumonia with CC Score 0-4,"1,105",741,.,.,363,.,.,.,366,.,"1,163",.,654,.,.,.,597,"4,988"
DZ24D,300,"Inhalation Lung Injury or Foreign Body, with CC Score 13+",.,"2,033",.,.,.,.,.,.,.,.,"1,185",.,.,.,.,.,734,"3,951"
DZ24D,340,"Inhalation Lung Injury or Foreign Body, with CC Score 13+",.,.,465,.,.,.,.,.,.,.,.,.,.,.,.,.,.,465
DZ24D,430,"Inhalation Lung Injury or Foreign Body, with CC Score 13+",.,.,.,.,.,.,.,.,.,360,.,.,654,.,.,.,.,"1,013"
DZ24E,300,"Inhalation Lung Injury or Foreign Body, with CC Score 10-12",877,"4,473","1,616",454,327,.,528,.,376,.,"2,549",.,.,.,502,.,"5,502","17,202"
DZ24E,361,"Inhalation Lung Injury or Foreign Body, with CC Score 10-12",.,.,.,.,.,409,.,.,.,.,.,.,.,.,.,.,.,409
DZ24E,430,"Inhalation Lung Injury or Foreign Body, with CC Score 10-12",.,741,997,.,.,.,.,.,.,.,388,.,.,.,.,.,298,"2,424"
DZ24F,300,"Inhalation Lung Injury or Foreign Body, with CC Score 7-9","3,068","9,759","2,424",907,654,603,528,.,"1,879",.,"2,958",.,"4,633",.,"3,013",.,"9,170","39,595"
DZ24F,301,"Inhalation Lung Injury or Foreign Body, with CC Score 7-9",.,374,.,.,.,.,.,.,.,.,.,.,.,.,.,.,.,374
DZ24F,340,"Inhalation Lung Injury or Foreign Body, with CC Score 7-9",.,.,.,.,.,714,.,.,.,.,.,.,.,.,.,.,.,714
DZ24F,430,"Inhalation Lung Injury or Foreign Body, with CC Score 7-9",737,370,997,.,.,.,.,.,.,.,388,.,654,.,.,.,.,"3,146"
DZ24G,100,"Inhalation Lung Injury or Foreign Body, with CC Score 4-6",.,904,.,.,438,.,.,.,.,.,.,.,.,.,.,.,.,"1,342"
DZ24G,140,"Inhalation Lung Injury or Foreign Body, with CC Score 4-6",.,.,.,.,.,.,.,.,.,.,.,.,.,.,.,.,599,599
DZ24G,180,"Inhalation Lung Injury or Foreign Body, with CC Score 4-6",.,.,.,.,.,.,.,.,.,.,.,.,306,.,.,.,.,306
DZ24G,300,"Inhalation Lung Injury or Foreign Body, with CC Score 4-6","5,698","33,342","2,424","5,443","3,921",301,.,.,"1,879",.,"5,449",.,"14,736",.,"8,536",.,"17,606","99,336"
DZ24G,301,"Inhalation Lung Injury or Foreign Body, with CC Score 4-6",.,"1,495",.,.,.,.,.,.,.,.,.,.,.,.,.,.,.,"1,495"
DZ24G,302,"Inhalation Lung Injury or Foreign Body, with CC Score 4-6",.,.,.,.,.,.,.,.,.,.,.,.,488,.,.,.,.,488
DZ24G,320,"Inhalation Lung Injury or Foreign Body, with CC Score 4-6",.,.,.,547,.,.,.,.,.,.,.,.,.,.,.,.,.,547
DZ24G,340,"Inhalation Lung Injury or Foreign Body, with CC Score 4-6",.,.,.,.,.,.,.,.,.,.,.,.,"1,864",.,.,.,.,"1,864"
DZ24G,430,"Inhalation Lung Injury or Foreign Body, with CC Score 4-6","1,473","3,704","2,992",.,363,.,.,.,.,.,"1,163",.,"4,576",.,.,.,298,"14,569"
DZ24H,100,"Inhalation Lung Injury or Foreign Body, with CC Score 0-3",.,452,.,573,876,395,.,.,.,.,525,.,.,.,647,.,.,"3,468"
DZ24H,120,"Inhalation Lung Injury or Foreign Body, with CC Score 0-3","1,253","4,497",.,.,"2,572",.,.,.,.,.,.,.,512,.,.,.,.,"8,834"
DZ24H,172,"Inhalation Lung Injury or Foreign Body, with CC Score 0-3",.,.,.,.,.,.,.,.,.,.,.,.,"1,207",.,.,.,.,"1,207"
DZ24H,180,"Inhalation Lung Injury or Foreign Body, with CC Score 0-3",.,457,.,.,.,.,.,.,.,.,.,.,.,.,.,.,.,457
DZ24H,300,"Inhalation Lung Injury or Foreign Body, with CC Score 0-3","5,260","26,023","5,252","4,082","2,941","1,205",.,.,376,.,"9,463",.,"18,533",.,"3,013",.,"10,637","86,784"
DZ24H,301,"Inhalation Lung Injury or Foreign Body, with CC Score 0-3",.,374,.,.,.,.,.,.,.,.,.,.,.,.,.,.,.,374
DZ24H,320,"Inhalation Lung Injury or Foreign Body, with CC Score 0-3",.,845,.,547,.,.,.,.,.,.,"1,812",.,.,.,.,.,.,"3,203"
DZ24H,340,"Inhalation Lung Injury or Foreign Body, with CC Score 0-3",.,.,465,.,.,.,.,.,.,.,.,.,"3,263",.,.,.,.,"3,728"
DZ24H,361,"Inhalation Lung Injury or Foreign Body, with CC Score 0-3",.,.,.,.,.,409,.,.,.,.,.,.,.,.,.,.,.,409
DZ24H,370,"Inhalation Lung Injury or Foreign Body, with CC Score 0-3",.,.,708,.,.,.,.,.,.,.,.,.,.,.,.,.,.,708
DZ24H,430,"Inhalation Lung Injury or Foreign Body, with CC Score 0-3",.,"1,482",499,.,.,.,.,.,.,.,775,.,"5,883",.,644,.,.,"9,282"
DZ25C,300,"Fibrosis or Pneumoconiosis, with CC Score 8+",438,.,.,.,327,.,.,.,376,.,.,.,"1,995",.,"1,506",.,.,"4,642"
DZ25C,340,"Fibrosis or Pneumoconiosis, with CC Score 8+",.,.,.,.,.,.,.,.,.,.,.,.,936,.,.,.,.,936
DZ25D,180,"Fibrosis or Pneumoconiosis, with CC Score 5-7",.,457,.,.,.,.,.,.,.,.,225,.,.,.,.,.,.,681
DZ25D,300,"Fibrosis or Pneumoconiosis, with CC Score 5-7","3,506","3,659",808,.,980,.,.,.,376,.,773,.,"1,544",.,"2,009",.,"4,768","18,424"
DZ25D,340,"Fibrosis or Pneumoconiosis, with CC Score 5-7",.,.,465,.,.,.,.,.,.,.,.,.,.,.,.,.,.,465
DZ25D,430,"Fibrosis or Pneumoconiosis, with CC Score 5-7",.,370,499,.,.,.,.,.,.,.,.,.,.,.,.,.,.,869
DZ25E,300,"Fibrosis or Pneumoconiosis, with CC Score 2-4","2,630","1,626","1,616","2,268",654,.,528,.,752,.,"1,107",.,"5,792",.,"2,009",.,"14,672","33,652"
DZ25E,320,"Fibrosis or Pneumoconiosis, with CC Score 2-4",.,845,.,.,385,.,701,.,.,.,.,.,.,.,.,.,.,"1,930"
DZ25E,340,"Fibrosis or Pneumoconiosis, with CC Score 2-4",.,.,.,.,.,.,.,.,.,.,.,.,466,.,.,.,.,466
DZ25E,430,"Fibrosis or Pneumoconiosis, with CC Score 2-4",.,.,499,.,.,.,.,.,.,.,388,.,.,.,.,.,.,886
DZ25F,300,"Fibrosis or Pneumoconiosis, with CC Score 0-1",.,"2,440",404,.,327,.,.,.,376,.,"1,546",.,"4,247",.,.,.,"1,467","10,806"
DZ25F,320,"Fibrosis or Pneumoconiosis, with CC Score 0-1",.,.,.,.,.,.,.,.,.,.,453,.,.,.,.,.,.,453
DZ25F,340,"Fibrosis or Pneumoconiosis, with CC Score 0-1",.,.,.,.,.,.,.,.,.,.,.,.,"1,398",.,.,.,.,"1,398"
DZ25F,430,"Fibrosis or Pneumoconiosis, with CC Score 0-1",.,370,.,.,.,.,.,.,.,.,.,.,.,.,.,.,.,370
DZ26C,300,"Pneumothorax or Intrathoracic Injuries, with CC Score 8+",.,407,.,.,.,.,.,.,.,.,.,.,386,.,"2,009",.,734,"3,535"
DZ26C,430,"Pneumothorax or Intrathoracic Injuries, with CC Score 8+",.,.,.,.,.,.,.,.,.,.,388,.,.,.,.,.,.,388
DZ26D,100,"Pneumothorax or Intrathoracic Injuries, with CC Score 5-7",.,.,.,.,438,.,.,.,.,.,.,.,.,.,.,.,.,438
DZ26D,300,"Pneumothorax or Intrathoracic Injuries, with CC Score 5-7",877,"2,440",.,.,327,.,.,.,.,.,.,.,386,.,"1,506",.,"1,467","7,003"
DZ26D,370,"Pneumothorax or Intrathoracic Injuries, with CC Score 5-7",.,.,"2,150",.,.,.,.,.,.,.,.,.,.,.,.,.,.,"2,150"
DZ26E,100,"Pneumothorax or Intrathoracic Injuries, with CC Score 2-4",.,452,.,.,.,.,.,.,.,.,.,.,.,.,.,.,.,452
DZ26E,172,"Pneumothorax or Intrathoracic Injuries, with CC Score 2-4",.,.,.,.,.,.,.,.,.,.,.,.,798,.,.,.,.,798
DZ26E,180,"Pneumothorax or Intrathoracic Injuries, with CC Score 2-4",.,.,.,.,.,.,.,.,.,.,.,.,306,.,.,.,.,306
DZ26E,300,"Pneumothorax or Intrathoracic Injuries, with CC Score 2-4","2,191","3,253","1,179",454,327,301,.,.,.,.,"2,825",.,"1,158",.,.,.,"2,201","13,889"
DZ26E,320,"Pneumothorax or Intrathoracic Injuries, with CC Score 2-4",.,.,.,.,.,.,.,.,.,.,.,.,611,.,.,.,.,611
DZ26E,340,"Pneumothorax or Intrathoracic Injuries, with CC Score 2-4",.,.,465,.,.,.,.,.,.,.,.,.,936,.,.,.,.,"1,401"
DZ26E,370,"Pneumothorax or Intrathoracic Injuries, with CC Score 2-4",.,.,708,.,.,.,.,.,.,.,.,.,.,.,.,.,.,708
DZ26F,100,"Pneumothorax or Intrathoracic Injuries, with CC Score 0-1",457,.,.,573,876,395,.,.,.,.,.,.,.,.,"1,294",.,.,"3,595"
DZ26F,172,"Pneumothorax or Intrathoracic Injuries, with CC Score 0-1",.,.,.,.,.,.,.,.,.,.,.,.,"1,597",.,.,.,.,"1,597"
DZ26F,180,"Pneumothorax or Intrathoracic Injuries, with CC Score 0-1",.,"1,827",.,.,"1,789",.,.,.,.,.,449,.,"1,224",.,.,.,.,"5,289"
DZ26F,300,"Pneumothorax or Intrathoracic Injuries, with CC Score 0-1",877,407,404,454,"1,634","1,506",.,.,.,.,"9,082",.,"3,861",.,502,.,"4,035","22,760"
DZ26F,320,"Pneumothorax or Intrathoracic Injuries, with CC Score 0-1",.,.,.,547,.,.,.,.,.,.,.,.,.,.,.,.,.,547
DZ26F,340,"Pneumothorax or Intrathoracic Injuries, with CC Score 0-1",.,.,.,.,.,.,.,.,.,.,.,.,"2,797",.,.,.,.,"2,797"
DZ26F,430,"Pneumothorax or Intrathoracic Injuries, with CC Score 0-1",.,.,.,.,.,.,.,.,.,.,775,.,.,.,.,.,.,775
DZ27G,300,Respiratory Failure with Intubation,.,.,"2,607",.,.,.,.,.,.,.,"1,854",.,.,.,.,.,.,"4,461"
DZ27H,300,"Respiratory Failure without Intubation, with CC Score 12+",.,.,.,.,.,.,528,.,.,.,.,.,450,.,502,.,734,"2,214"
DZ27J,300,"Respiratory Failure without Intubation, with CC Score 8-11",438,"1,220",404,.,654,301,.,.,376,.,387,.,"1,995",.,.,.,"1,834","7,608"
DZ27J,430,"Respiratory Failure without Intubation, with CC Score 8-11",.,.,997,.,.,.,.,.,.,.,.,.,.,.,.,.,.,997
DZ27K,100,"Respiratory Failure without Intubation, with CC Score 4-7",.,.,.,.,438,.,.,.,.,.,.,.,.,.,.,.,.,438
DZ27K,300,"Respiratory Failure without Intubation, with CC Score 4-7","5,260","6,506","2,904",907,"1,961",904,528,.,.,.,"3,227",.,"5,791",.,"3,515",.,"8,803","40,305"
DZ27K,301,"Respiratory Failure without Intubation, with CC Score 4-7",.,748,.,.,.,.,.,.,.,.,.,.,.,.,.,.,.,748
DZ27K,303,"Respiratory Failure without Intubation, with CC Score 4-7",.,.,"2,136",.,.,.,.,.,.,.,.,.,.,.,.,.,.,"2,136"
DZ27K,340,"Respiratory Failure without Intubation, with CC Score 4-7",.,.,465,.,.,.,.,.,.,.,.,.,936,.,.,.,.,"1,401"
DZ27K,430,"Respiratory Failure without Intubation, with CC Score 4-7",.,370,.,.,.,.,.,.,.,.,388,.,.,.,.,.,.,758
DZ27L,100,"Respiratory Failure without Intubation, with CC Score 0-3",457,.,.,.,.,.,.,.,.,.,.,.,.,.,.,.,.,457
DZ27L,180,"Respiratory Failure without Intubation, with CC Score 0-3",.,457,.,.,.,.,.,.,.,.,.,.,.,.,.,.,.,457
DZ27L,300,"Respiratory Failure without Intubation, with CC Score 0-3","1,753","3,253",480,"2,268","2,287",301,.,.,.,.,"4,429",.,"4,440",.,502,.,"2,934","22,647"
DZ27L,301,"Respiratory Failure without Intubation, with CC Score 0-3",.,374,.,.,.,.,.,.,.,.,.,.,.,.,.,.,.,374
DZ27L,320,"Respiratory Failure without Intubation, with CC Score 0-3",.,.,939,.,.,358,.,.,.,.,453,.,.,.,.,.,.,"1,750"
DZ27L,340,"Respiratory Failure without Intubation, with CC Score 0-3",.,.,472,.,.,.,.,.,.,.,.,.,466,.,.,.,.,938
DZ27L,430,"Respiratory Failure without Intubation, with CC Score 0-3",.,741,.,.,.,.,.,.,.,.,775,.,.,.,.,.,.,"1,516"
DZ28A,100,Pleurisy with CC Score 3+,.,.,.,.,.,.,.,.,.,.,.,.,.,.,647,.,.,647
DZ28A,300,Pleurisy with CC Score 3+,438,.,.,.,654,.,.,.,752,.,721,.,.,.,.,.,.,"2,564"
DZ28B,100,Pleurisy with CC Score 0-2,.,.,.,.,438,.,.,.,.,.,.,.,.,.,.,.,.,438
DZ28B,180,Pleurisy with CC Score 0-2,.,"1,370",.,.,894,.,.,.,.,.,"2,021",.,306,.,.,.,.,"4,591"
DZ28B,300,Pleurisy with CC Score 0-2,"3,506",407,404,"1,814",.,301,.,.,.,.,640,.,386,.,.,.,367,"7,825"
DZ28B,320,Pleurisy with CC Score 0-2,.,.,.,.,.,.,.,.,.,.,.,.,.,.,.,.,456,456
DZ28B,430,Pleurisy with CC Score 0-2,.,.,.,.,.,.,.,.,.,.,388,.,.,.,.,.,.,388
DZ29C,300,"Granulomatous, Allergic Alveolitis or Autoimmune Lung Disease, with CC Score 7+",.,"2,920",.,.,327,.,.,.,.,.,.,.,.,.,.,.,.,"3,247"
DZ29D,300,"Granulomatous, Allergic Alveolitis or Autoimmune Lung Disease, with CC Score 4-6",.,"1,220",.,.,.,.,.,.,.,.,.,.,.,.,"1,506",.,.,"2,726"
DZ29D,430,"Granulomatous, Allergic Alveolitis or Autoimmune Lung Disease, with CC Score 4-6",.,370,.,.,.,.,.,.,.,.,.,.,.,.,.,.,.,370
DZ29E,100,"Granulomatous, Allergic Alveolitis or Autoimmune Lung Disease, with CC Score 2-3",.,.,.,.,438,.,.,.,.,.,.,.,.,.,.,.,.,438
DZ29E,300,"Granulomatous, Allergic Alveolitis or Autoimmune Lung Disease, with CC Score 2-3","3,506","1,220",.,454,.,.,.,.,376,.,.,.,.,.,.,.,.,"5,556"
DZ29E,320,"Granulomatous, Allergic Alveolitis or Autoimmune Lung Disease, with CC Score 2-3",.,.,.,547,.,.,.,.,.,.,.,.,.,.,.,.,.,547
DZ29E,361,"Granulomatous, Allergic Alveolitis or Autoimmune Lung Disease, with CC Score 2-3",521,.,"17,598",.,.,.,.,.,.,.,.,.,.,.,.,.,.,"18,119"
DZ29F,300,"Granulomatous, Allergic Alveolitis or Autoimmune Lung Disease, with CC Score 0-1","3,068",.,404,.,327,.,.,.,.,.,.,.,"1,931",.,502,.,.,"6,232"
DZ29F,302,"Granulomatous, Allergic Alveolitis or Autoimmune Lung Disease, with CC Score 0-1",.,.,.,.,.,.,.,.,.,.,.,.,488,.,.,.,.,488
DZ29F,340,"Granulomatous, Allergic Alveolitis or Autoimmune Lung Disease, with CC Score 0-1",.,.,.,.,.,.,.,.,.,.,.,.,466,.,.,.,.,466
DZ29F,361,"Granulomatous, Allergic Alveolitis or Autoimmune Lung Disease, with CC Score 0-1",521,.,.,.,.,.,.,.,.,.,.,.,.,.,.,.,.,521
DZ29F,430,"Granulomatous, Allergic Alveolitis or Autoimmune Lung Disease, with CC Score 0-1",.,.,.,.,.,.,.,.,.,.,388,.,.,.,.,.,.,388
DZ37A,100,"Non-Invasive Ventilation Support Assessment, 19 years and over",.,.,.,.,.,"3,162",.,.,.,.,.,.,.,.,.,.,.,"3,162"
DZ37A,110,"Non-Invasive Ventilation Support Assessment, 19 years and over",.,.,.,.,374,.,.,.,.,.,.,.,.,.,.,.,.,374
DZ37A,300,"Non-Invasive Ventilation Support Assessment, 19 years and over","3,506","12,605",480,"4,156","1,634","1,205",.,.,"1,825",.,"4,760",.,"16,212",.,"1,506",.,"8,803","56,692"
DZ37A,301,"Non-Invasive Ventilation Support Assessment, 19 years and over",.,748,.,.,.,.,.,.,.,.,.,.,.,.,.,.,.,748
DZ37A,320,"Non-Invasive Ventilation Support Assessment, 19 years and over","1,378","1,689",.,.,.,.,701,.,"1,311",.,.,.,.,.,.,.,.,"5,078"
DZ37A,340,"Non-Invasive Ventilation Support Assessment, 19 years and over",.,.,472,.,.,.,.,.,.,.,.,.,"4,698",.,.,.,.,"5,170"
DZ37A,430,"Non-Invasive Ventilation Support Assessment, 19 years and over",.,370,.,.,.,.,.,.,.,.,546,.,"2,556",.,.,.,.,"3,472"
DZ37B,180,"Non-Invasive Ventilation Support Assessment, 18 years and under",.,"1,525",.,.,.,.,.,.,.,.,.,.,.,.,.,.,.,"1,525"
DZ37B,420,"Non-Invasive Ventilation Support Assessment, 18 years and under",762,.,.,"3,171",.,734,.,.,.,.,.,.,.,.,.,.,.,"4,667"
DZ38Z,300,Oxygen Assessment and Monitoring,.,.,.,.,.,.,.,.,.,.,.,.,.,.,"3,515",.,.,"3,515"
DZ42Z,420,TB Nurse Support,.,.,.,.,.,.,.,.,.,.,.,.,.,.,.,.,"1,248","1,248"
DZ50Z,420,Respiratory Sleep Study,.,.,.,.,.,.,.,.,.,.,.,.,"1,554",.,.,.,.,"1,554"
DZ63C,100,"Major Thoracic Procedures, 19 years and over, with CC Score 0-2",.,.,.,.,.,.,.,.,.,.,.,.,"5,378",.,.,.,.,"5,378"
DZ64A,300,"Intermediate Thoracic Procedures, 19 years and over, with CC Score 6+",.,.,.,.,.,.,.,.,.,.,.,.,.,.,502,.,.,502
DZ64B,100,"Intermediate Thoracic Procedures, 19 years and over, with CC Score 3-5",.,.,.,.,.,.,.,.,.,.,.,.,.,.,.,.,"2,210","2,210"
DZ64C,300,"Intermediate Thoracic Procedures, 19 years and over, with CC Score 0-2",.,.,925,.,.,.,.,.,.,.,.,.,.,.,.,.,.,925
DZ64C,340,"Intermediate Thoracic Procedures, 19 years and over, with CC Score 0-2",.,.,.,.,.,.,.,.,.,.,.,.,625,.,.,.,.,625
DZ64D,171,"Intermediate Thoracic Procedures, between 2 and 18 years",.,.,.,.,.,.,.,.,.,.,.,.,"1,779",.,.,.,.,"1,779"
EA03A,320,"Pace 1: Single Chamber or Implantable Diagnostic Device, with CC Score 11+",.,.,.,.,"3,917",.,.,.,.,.,.,.,"4,227",.,.,.,.,"8,145"
EA03B,320,"Pace 1: Single Chamber or Implantable Diagnostic Device, with CC Score 8-10",.,.,.,.,"3,917",.,.,.,.,.,.,.,"4,566",.,.,.,.,"8,483"
EA03C,300,"Pace 1: Single Chamber or Implantable Diagnostic Device, with CC Score 5-7",.,.,"2,385",.,.,.,.,.,.,.,.,.,.,.,.,.,.,"2,385"
EA03C,320,"Pace 1: Single Chamber or Implantable Diagnostic Device, with CC Score 5-7",.,.,"28,061",.,"3,917",.,.,.,.,.,.,.,"23,778",.,.,.,.,"55,756"
EA03D,300,"Pace 1: Single Chamber or Implantable Diagnostic Device, with CC Score 2-4",.,.,.,.,.,.,.,.,.,.,.,.,.,.,502,.,.,502
EA03D,320,"Pace 1: Single Chamber or Implantable Diagnostic Device, with CC Score 2-4",.,.,"69,169",.,"47,007",.,.,.,.,.,.,.,"47,321",.,.,.,.,"163,497"
EA03E,170,"Pace 1: Single Chamber or Implantable Diagnostic Device, with CC Score 0-1",.,.,.,.,.,.,.,.,.,.,.,.,"4,983",.,.,.,.,"4,983"
EA03E,320,"Pace 1: Single Chamber or Implantable Diagnostic Device, with CC Score 0-1",.,.,"33,233",.,"27,421",.,.,.,.,.,.,.,"11,691",.,.,.,.,"72,344"
EA05A,320,"Pace 2: Dual Chamber, with CC Score 9+",.,.,"12,892",.,.,.,.,.,.,.,.,.,.,.,.,.,.,"12,892"
EA05B,320,"Pace 2: Dual Chamber, with CC Score 5-8",.,.,"84,253",.,"19,936",.,.,.,.,.,.,.,"27,231",.,.,.,.,"131,421"
EA05C,320,"Pace 2: Dual Chamber, with CC Score 2-4",.,.,"297,294",.,"19,996",.,.,.,.,.,.,.,"33,442",.,.,.,.,"350,733"
EA05D,320,"Pace 2: Dual Chamber, with CC Score 0-1",.,.,"255,789",.,"23,924",.,.,.,.,.,.,.,"75,356",.,.,.,.,"355,068"
EA11A,370,"Percutaneous Interventions: Other including Septostomy, Embolisation, Non-Coronary Stents and Energy Moderated Perforation, with CC Score 3+",.,.,"3,331",.,.,.,.,.,.,.,.,.,.,.,.,.,.,"3,331"
EA11B,340,"Percutaneous Interventions: Other including Septostomy, Embolisation, Non-Coronary Stents and Energy Moderated Perforation, with CC Score 0-2",.,.,.,.,.,.,.,.,.,.,.,.,"3,066",.,.,.,.,"3,066"
EA12B,320,"Implantation of Cardioverter; Defibrillator only, with CC Score 6-8",.,.,.,.,.,.,.,.,.,.,.,.,"30,329",.,.,.,.,"30,329"
EA12C,320,"Implantation of Cardioverter; Defibrillator only, with CC Score 3-5",.,.,.,.,.,.,.,.,.,.,.,.,"225,117",.,.,.,.,"225,117"
EA12D,320,"Implantation of Cardioverter; Defibrillator only, with CC Score 0-2",.,.,.,.,.,.,.,.,.,.,.,.,"74,090",.,.,.,.,"74,090"
EA14B,170,Coronary Artery Bypass Graft (First Time) with CC Score 7-11,.,.,.,.,.,.,.,.,.,.,.,.,"34,770",.,.,.,.,"34,770"
EA14C,300,Coronary Artery Bypass Graft (First Time) with CC Score 3-6,.,.,.,.,327,.,.,.,.,.,.,.,.,.,.,.,.,327
EA14C,320,Coronary Artery Bypass Graft (First Time) with CC Score 3-6,.,.,.,.,.,.,.,.,.,.,.,.,"4,407",.,.,.,.,"4,407"
EA14D,170,Coronary Artery Bypass Graft (First Time) with CC Score 0-2,.,.,.,.,.,.,.,.,.,.,.,.,"9,876",.,.,.,.,"9,876"
EA17A,170,Single Cardiac Valve Procedures with CC Score 9+,.,.,.,.,.,.,.,.,.,.,.,.,"38,001",.,.,.,.,"38,001"
EA17B,170,Single Cardiac Valve Procedures with CC Score 6-8,.,.,.,.,.,.,.,.,.,.,.,.,"8,773",.,.,.,.,"8,773"
EA17C,170,Single Cardiac Valve Procedures with CC Score 3-5,.,.,.,.,.,.,.,.,.,.,.,.,"11,389",.,.,.,.,"11,389"
EA17D,170,Single Cardiac Valve Procedures with CC Score 0-2,.,.,.,.,.,.,.,.,.,.,.,.,"12,176",.,.,.,.,"12,176"
EA20A,320,"Other Complex Cardiac Surgery and Re-do's, with CC Score 10+",.,.,.,.,.,.,.,.,.,.,.,.,"2,226",.,.,.,.,"2,226"
EA20B,172,"Other Complex Cardiac Surgery and Re-do's, with CC Score 5-9",.,.,.,.,.,.,.,.,.,.,.,.,"20,002",.,.,.,.,"20,002"
EA20C,170,"Other Complex Cardiac Surgery and Re-do's, with CC Score 0-4",.,.,.,.,.,.,.,.,.,.,.,.,"30,197",.,.,.,.,"30,197"
EA20C,172,"Other Complex Cardiac Surgery and Re-do's, with CC Score 0-4",.,.,.,.,.,.,.,.,.,.,.,.,"4,186",.,.,.,.,"4,186"
EA20C,320,"Other Complex Cardiac Surgery and Re-do's, with CC Score 0-4",.,.,.,.,"2,270",.,.,.,.,.,.,.,"6,724",.,.,.,.,"8,994"
EA29B,320,"Percutaneous Complex Ablation, including for Atrial Fibrillation and Ventricular Tachycardia, with CC Score 2-4",.,.,.,.,.,.,.,.,.,.,.,.,"5,587",.,.,.,.,"5,587"
EA29C,320,"Percutaneous Complex Ablation, including for Atrial Fibrillation and Ventricular Tachycardia, with CC Score 0-1",.,.,.,.,.,.,.,.,.,.,.,.,"5,387",.,.,.,.,"5,387"
EA31A,320,"Percutaneous Coronary Intervention, 0 to 2 Stents, with CC Score 11+",.,.,.,.,"6,999",.,.,.,.,.,.,.,"6,697",.,.,.,.,"13,696"
EA31B,320,"Percutaneous Coronary Intervention, 0 to 2 Stents, with CC Score 7-10","3,906",.,"21,339",.,"10,603",.,.,.,.,.,.,.,"20,360",.,.,.,.,"56,207"
EA31C,300,"Percutaneous Coronary Intervention, 0 to 2 Stents, with CC Score 3-6",.,.,.,.,"1,033",.,.,.,.,.,.,.,.,.,.,.,.,"1,033"
EA31C,320,"Percutaneous Coronary Intervention, 0 to 2 Stents, with CC Score 3-6","67,147",.,"264,820",.,"192,801",.,.,.,.,.,.,.,"315,486",.,.,.,.,"840,254"
EA31D,300,"Percutaneous Coronary Intervention, 0 to 2 Stents, with CC Score 0-2",788,.,.,.,"1,048",.,.,.,.,.,.,.,.,.,.,.,.,"1,836"
EA31D,320,"Percutaneous Coronary Intervention, 0 to 2 Stents, with CC Score 0-2","102,097",.,"457,146",.,"364,804",.,.,.,.,.,.,.,"995,979",.,.,.,.,"1,920,026"
EA35A,320,Other Percutaneous Interventions with CC Score 8+,.,.,"2,248",.,.,.,.,.,.,.,.,.,.,.,.,.,.,"2,248"
EA35B,320,Other Percutaneous Interventions with CC Score 5-7,"1,253",.,"6,540",.,.,.,.,.,.,.,.,.,"5,811",.,.,.,.,"13,603"
EA35C,320,Other Percutaneous Interventions with CC Score 2-4,"5,011",.,"43,893",.,.,.,.,.,.,.,.,.,"24,300",.,.,.,.,"73,204"
EA35D,320,Other Percutaneous Interventions with CC Score 0-1,"5,011",.,"4,483",.,"3,087",.,.,.,.,.,.,.,"40,938",.,.,.,.,"53,520"
EA36C,320,Catheter with CC Score 13+,.,.,"1,123",.,"1,929",.,.,.,.,.,.,.,"1,942",.,.,.,.,"4,994"
EA36D,320,Catheter with CC Score 10-12,"1,378",.,"1,111",.,"3,857",.,.,.,.,.,.,.,"2,182",.,.,.,.,"8,529"
EA36E,300,Catheter with CC Score 7-9,.,.,.,.,457,.,.,.,.,.,.,.,.,.,.,.,.,457
EA36E,320,Catheter with CC Score 7-9,"4,822",.,"20,840",.,"7,715",.,.,.,.,.,.,.,"14,141",.,.,.,"2,184","49,702"
EA36F,300,Catheter with CC Score 4-6,.,.,.,.,457,.,.,.,.,.,.,.,.,.,.,.,.,457
EA36F,320,Catheter with CC Score 4-6,"22,733",.,"103,504",.,"48,218",.,.,.,.,.,.,.,"113,329",.,.,.,"4,383","292,167"
EA36G,170,Catheter with CC Score 2-3,.,.,.,.,.,.,.,.,.,.,.,.,"10,581",.,.,.,.,"10,581"
EA36G,300,Catheter with CC Score 2-3,438,.,.,.,.,.,.,.,.,.,.,.,.,.,.,.,.,438
EA36G,320,Catheter with CC Score 2-3,"50,976",.,"184,717",.,"119,581",.,.,.,.,.,.,.,"230,727",.,.,.,"24,858","610,859"
EA36H,300,Catheter with CC Score 0-1,438,.,"2,370",.,980,.,.,.,.,.,799,.,.,.,.,.,.,"4,587"
EA36H,320,Catheter with CC Score 0-1,"57,865",.,"116,597",.,"144,626",.,.,.,.,.,.,.,"286,172",.,.,.,"22,674","627,932"
EA39A,320,"Pacemaker Procedure without Generator Implant, including Re-Siting and Removal of Cardiac Pacemaker System, with CC Score 5+",.,.,.,.,.,.,.,.,.,.,.,.,"2,451",.,.,.,.,"2,451"
EA40Z,170,Other Non-Complex Cardiac Surgery,.,.,.,.,.,.,.,.,.,.,.,.,"8,506",.,.,.,.,"8,506"
EA40Z,320,Other Non-Complex Cardiac Surgery,.,.,.,.,.,.,.,.,.,.,.,.,"5,616",.,.,.,.,"5,616"
EA44B,320,Minor Cardiac Procedures with CC Score 0-1,.,.,.,.,.,.,.,.,.,.,.,.,"1,986",.,.,.,.,"1,986"
EA45Z,300,"Complex Echocardiogram, including Transoesophageal and Fetal Echocardiography",438,.,.,.,.,.,.,.,.,.,.,.,.,.,.,.,.,438
EA45Z,320,"Complex Echocardiogram, including Transoesophageal and Fetal Echocardiography","1,378","1,689",.,.,"1,155",.,.,.,.,.,"6,343",.,"6,472",.,.,.,"2,199","19,236"
EA45Z,361,"Complex Echocardiogram, including Transoesophageal and Fetal Echocardiography",.,.,956,.,.,.,.,.,.,.,.,.,.,.,.,.,.,956
EA47Z,300,Electrocardiogram Monitoring and Stress Testing,.,.,.,.,.,301,.,.,.,.,.,.,.,.,502,.,.,803
EA47Z,320,Electrocardiogram Monitoring and Stress Testing,.,.,"3,741",.,.,.,.,.,.,.,"1,177",.,.,.,.,.,.,"4,918"
EA48Z,320,"Single or Dual Chamber, Pacemaker or Implantable Diagnostic Device, with Percutaneous Coronary Intervention, EP or RFA",.,.,"3,788",.,.,.,.,.,.,.,.,.,"31,282",.,.,.,.,"35,070"
EA49A,320,"Percutaneous Coronary Interventions with 3 or more Stents, Rotablation, IVUS or Pressure Wire, with CC Score 9+",.,.,"7,479",.,.,.,.,.,.,.,.,.,.,.,.,.,.,"7,479"
EA49B,320,"Percutaneous Coronary Interventions with 3 or more Stents, Rotablation, IVUS or Pressure Wire, with CC Score 6-8","2,303",.,"3,306",.,"4,274",.,.,.,.,.,.,.,"18,831",.,.,.,.,"28,714"
EA49C,320,"Percutaneous Coronary Interventions with 3 or more Stents, Rotablation, IVUS or Pressure Wire, with CC Score 3-5","16,972",.,"88,416",.,"48,666",.,.,.,.,.,.,.,"75,326",.,.,.,.,"229,380"
EA49D,320,"Percutaneous Coronary Interventions with 3 or more Stents, Rotablation, IVUS or Pressure Wire, with CC Score 0-2","13,117",.,"120,349",.,"77,901",.,.,.,.,.,.,.,"258,485",.,.,.,.,"469,852"
EA51A,170,"Coronary Artery Bypass Graft, with Valve Replacement or Repair, with CC Score 9+",.,.,.,.,.,.,.,.,.,.,.,.,"28,782",.,.,.,.,"28,782"
EA51D,170,"Coronary Artery Bypass Graft, with Valve Replacement or Repair, with CC Score 0-2",.,.,.,.,.,.,.,.,.,.,.,.,644,.,.,.,.,644
EA54A,320,Percutaneous Standard Ablation with CC Score 3+,.,.,.,.,.,.,.,.,.,.,.,.,"4,063",.,.,.,.,"4,063"
EA54B,320,Percutaneous Standard Ablation with CC Score 0-2,.,.,.,.,.,.,.,.,.,.,.,.,"24,919",.,.,.,.,"24,919"
EA55A,320,Percutaneous Diagnostic Electrophysiology Studies with CC Score 3+,.,.,"7,124",.,.,.,.,.,.,.,.,.,"2,916",.,.,.,.,"10,040"
EA55B,100,Percutaneous Diagnostic Electrophysiology Studies with CC Score 0-2,.,.,.,.,"2,056",.,.,.,.,.,.,.,.,.,.,.,.,"2,056"
EA55B,320,Percutaneous Diagnostic Electrophysiology Studies with CC Score 0-2,.,.,"3,562",.,.,.,.,.,.,.,.,.,"8,848",.,.,.,.,"12,410"
EA56A,320,"Implantation of Cardiac Resynchronization Therapy Defibrillator (CRT-D), with CC Score 6+",.,.,.,.,.,.,.,.,.,.,.,.,"33,230",.,.,.,.,"33,230"
EA56B,320,"Implantation of Cardiac Resynchronization Therapy Defibrillator (CRT-D), with CC Score 3-5",.,.,.,.,.,.,.,.,.,.,.,.,"79,570",.,.,.,.,"79,570"
EA56C,320,"Implantation of Cardiac Resynchronization Therapy Defibrillator (CRT-D), with CC Score 0-2",.,.,.,.,.,.,.,.,.,.,.,.,"63,656",.,.,.,.,"63,656"
EA57A,320,"Percutaneous Interventions: Percutaneous Transluminal ASD, VSD or PFO Closure and Valve Insertion, or Balloon Valve Intermediate Interventions and Arterial Duct Closure, with CC Score 5+",.,.,"2,941",.,.,.,.,.,.,.,.,.,"9,908",.,.,.,.,"12,849"
EA57B,320,"Percutaneous Interventions: Percutaneous Transluminal ASD, VSD or PFO Closure and Valve Insertion, or Balloon Valve Intermediate Interventions and Arterial Duct Closure, with CC Score 0-4",.,.,.,.,.,.,.,.,.,.,.,.,"12,795",.,.,.,.,"12,795"
EA58Z,170,Transcatheter Aortic Valve Implantation (TAVI) using Transfemoral Approach,.,.,.,.,.,.,.,.,.,.,.,.,"6,146",.,.,.,.,"6,146"
EA58Z,320,Transcatheter Aortic Valve Implantation (TAVI) using Transfemoral Approach,.,.,.,.,.,.,.,.,.,.,.,.,"18,362",.,.,.,.,"18,362"
EA59Z,170,Transcatheter Aortic Valve Implantation (TAVI) not using Transfemoral Approach,.,.,.,.,.,.,.,.,.,.,.,.,"6,801",.,.,.,.,"6,801"
EB02A,300,Endocarditis with CC Score 10+,.,.,.,.,.,.,528,.,.,.,.,.,.,.,.,.,"1,467","1,995"
EB02B,300,Endocarditis with CC Score 5-9,.,.,"2,424",.,.,.,.,.,.,.,.,.,"1,544",.,.,.,.,"3,968"
EB02B,320,Endocarditis with CC Score 5-9,689,.,.,547,.,.,.,.,.,.,.,.,.,.,799,.,.,"2,035"
EB02C,300,Endocarditis with CC Score 0-4,438,"1,626",.,.,.,.,.,.,.,.,.,.,"1,158",.,.,.,.,"3,223"
EB02C,320,Endocarditis with CC Score 0-4,689,"1,267",.,.,.,.,.,.,.,.,453,.,.,.,.,.,456,"2,864"
EB02C,430,Endocarditis with CC Score 0-4,.,370,.,.,.,.,.,.,.,.,.,.,.,.,.,.,.,370
EB03A,100,"Heart Failure or Shock, with CC Score 14+",.,.,.,.,876,.,.,.,.,.,.,.,.,.,.,.,.,876
EB03A,300,"Heart Failure or Shock, with CC Score 14+",.,"2,846","2,424",.,.,.,.,.,.,.,.,.,772,.,.,.,"2,201","8,243"
EB03A,320,"Heart Failure or Shock, with CC Score 14+",.,"2,111",.,.,.,.,.,.,.,.,.,.,.,.,.,.,912,"3,023"
EB03A,361,"Heart Failure or Shock, with CC Score 14+",.,.,.,.,.,"1,638",.,.,.,.,.,.,.,.,.,.,.,"1,638"
EB03B,300,"Heart Failure or Shock, with CC Score 11-13","1,315","5,286",808,454,"1,307",301,528,.,"1,127",.,773,.,"3,089",.,"1,004",.,"8,436","24,428"
EB03B,301,"Heart Failure or Shock, with CC Score 11-13",.,374,.,.,.,.,.,.,.,.,.,.,.,.,.,.,.,374
EB03B,320,"Heart Failure or Shock, with CC Score 11-13","3,444","1,689","3,700",.,385,358,.,.,.,.,.,.,"1,221",.,.,.,456,"11,254"
EB03B,361,"Heart Failure or Shock, with CC Score 11-13",.,.,"2,816",.,.,.,.,.,.,.,.,.,.,.,.,.,.,"2,816"
EB03B,430,"Heart Failure or Shock, with CC Score 11-13",.,.,997,.,.,.,.,.,.,.,.,.,.,.,.,.,.,997
EB03C,100,"Heart Failure or Shock, with CC Score 8-10",.,.,.,.,.,395,.,.,.,.,.,.,.,.,.,.,.,395
EB03C,300,"Heart Failure or Shock, with CC Score 8-10","6,574","10,165","10,100","1,361","4,248",301,"1,055",.,"3,382",.,"2,825",.,"10,425",.,"8,536",.,"55,019","113,991"
EB03C,301,"Heart Failure or Shock, with CC Score 8-10",.,374,.,.,.,.,.,.,.,.,.,.,.,.,.,.,.,374
EB03C,320,"Heart Failure or Shock, with CC Score 8-10","7,578","7,601","1,136",.,385,.,701,.,.,.,"3,997",.,"1,832",.,799,.,912,"24,941"
EB03C,361,"Heart Failure or Shock, with CC Score 8-10",.,.,"3,520",.,.,.,.,.,.,.,.,.,.,.,.,.,.,"3,520"
EB03C,430,"Heart Failure or Shock, with CC Score 8-10",368,.,"1,496",.,"1,088",.,.,.,.,.,"1,163",.,"1,307",.,.,.,"1,194","6,616"
EB03D,100,"Heart Failure or Shock, with CC Score 4-7",.,.,.,.,438,.,.,.,.,.,.,.,.,.,.,.,.,438
EB03D,180,"Heart Failure or Shock, with CC Score 4-7",.,.,.,.,.,.,.,.,.,.,.,.,612,.,.,.,.,612
EB03D,300,"Heart Failure or Shock, with CC Score 4-7","19,723","30,496","13,736","9,072","6,208","3,615","4,748",.,"11,649",.,"18,016",.,"23,938",.,"25,609",.,"84,728","251,539"
EB03D,302,"Heart Failure or Shock, with CC Score 4-7",.,.,.,.,.,.,.,.,.,.,.,.,488,.,.,.,.,488
EB03D,320,"Heart Failure or Shock, with CC Score 4-7","20,666","19,002","1,705","5,470",770,"1,074",.,.,.,.,"7,246",.,"6,735",.,"3,197",552,"5,014","71,430"
EB03D,340,"Heart Failure or Shock, with CC Score 4-7",.,.,"1,395",.,.,.,.,.,.,.,.,.,"2,331",.,.,.,.,"3,725"
EB03D,350,"Heart Failure or Shock, with CC Score 4-7",.,.,.,.,.,.,.,.,.,.,.,.,"1,035",.,.,.,.,"1,035"
EB03D,430,"Heart Failure or Shock, with CC Score 4-7","1,105","1,482","2,992",.,"1,813",.,.,.,.,.,"2,326",.,"7,844",.,"2,575",.,.,"20,136"
EB03E,100,"Heart Failure or Shock, with CC Score 0-3",.,.,.,.,438,.,.,.,.,.,.,.,.,.,.,.,455,893
EB03E,180,"Heart Failure or Shock, with CC Score 0-3",.,457,.,.,.,.,.,.,.,.,225,.,918,.,.,.,.,"1,599"
EB03E,300,"Heart Failure or Shock, with CC Score 0-3","9,204","11,792","6,616","2,721","4,248","2,410",528,.,"1,503",.,"10,490",.,"25,097",.,"5,524",.,"15,772","95,904"
EB03E,320,"Heart Failure or Shock, with CC Score 0-3","6,200","7,179","2,910","2,188",770,358,701,.,655,.,"8,605",.,.,.,"2,398","2,760",912,"35,635"
EB03E,340,"Heart Failure or Shock, with CC Score 0-3",.,.,930,.,.,.,.,.,.,.,.,.,"2,331",.,.,.,.,"3,260"
EB03E,361,"Heart Failure or Shock, with CC Score 0-3",.,.,.,.,.,.,.,.,.,.,.,.,.,.,.,.,383,383
EB03E,430,"Heart Failure or Shock, with CC Score 0-3",737,741,997,.,.,.,.,.,.,.,"1,938",.,"11,112",.,.,.,298,"15,824"
EB04Z,100,Hypertension,.,.,.,.,.,.,.,.,.,.,525,.,388,.,.,.,.,913
EB04Z,180,Hypertension,.,.,.,.,894,.,.,.,.,.,.,.,.,.,.,.,.,894
EB04Z,300,Hypertension,"14,464","10,978","4,848","3,629","2,941","1,808","4,748",.,"3,758",.,"9,596",.,"16,216",.,"10,545",.,"11,370","94,901"
EB04Z,302,Hypertension,.,.,.,.,.,.,.,.,.,.,.,.,"3,761",.,.,.,.,"3,761"
EB04Z,320,Hypertension,"2,067","2,534","1,136","1,641",385,.,.,.,.,.,453,.,611,.,"1,599","7,729",.,"18,153"
EB04Z,361,Hypertension,521,"1,326",.,.,.,409,.,.,.,.,.,.,.,.,.,.,.,"2,256"
EB04Z,430,Hypertension,.,"1,111",.,.,363,.,.,.,.,.,775,.,"2,615",.,.,.,597,"5,461"
EB04Z,501,Hypertension,.,.,.,.,.,.,.,.,.,.,.,.,479,.,.,.,.,479
EB04Z,502,Hypertension,.,.,.,.,.,363,.,.,.,.,.,.,.,.,.,.,.,363
EB05A,100,Cardiac Arrest with CC Score 9+,.,452,.,.,.,.,.,.,.,.,.,.,.,.,.,.,.,452
EB05A,300,Cardiac Arrest with CC Score 9+,438,813,.,.,.,.,.,.,752,.,387,.,"1,544",.,.,.,367,"4,301"
EB05A,320,Cardiac Arrest with CC Score 9+,.,.,.,.,.,358,.,.,.,.,"1,121",.,.,.,.,.,456,"1,935"
EB05A,361,Cardiac Arrest with CC Score 9+,.,.,"4,224",.,.,.,.,.,.,.,.,.,.,.,.,.,.,"4,224"
EB05A,430,Cardiac Arrest with CC Score 9+,.,.,"2,493",.,.,.,.,.,.,.,.,.,.,.,.,.,.,"2,493"
EB05B,100,Cardiac Arrest with CC Score 5-8,.,452,.,.,438,.,.,.,.,.,"3,387",.,.,.,.,.,.,"4,277"
EB05B,101,Cardiac Arrest with CC Score 5-8,.,.,.,657,.,.,.,.,.,.,.,.,.,.,.,.,.,657
EB05B,300,Cardiac Arrest with CC Score 5-8,.,813,404,.,654,603,.,.,.,.,"4,747",.,386,.,.,.,"1,834","9,440"
EB05B,320,Cardiac Arrest with CC Score 5-8,.,.,.,"1,641",770,.,.,.,.,.,"1,873",.,.,.,.,552,.,"4,835"
EB05B,340,Cardiac Arrest with CC Score 5-8,.,.,465,.,.,.,.,.,.,.,.,.,.,.,.,.,.,465
EB05B,370,Cardiac Arrest with CC Score 5-8,.,.,708,.,.,.,.,.,.,.,.,.,.,.,.,.,.,708
EB05B,430,Cardiac Arrest with CC Score 5-8,.,.,.,.,.,.,.,.,.,.,388,.,.,.,644,.,.,"1,031"
EB05C,180,Cardiac Arrest with CC Score 0-4,.,.,.,.,894,.,.,.,.,.,.,.,.,.,.,.,.,894
EB05C,300,Cardiac Arrest with CC Score 0-4,.,.,808,454,.,.,.,.,752,.,"1,160",.,"1,544",.,"1,004",.,"1,100","6,822"
EB05C,320,Cardiac Arrest with CC Score 0-4,"1,378",.,568,547,.,.,.,.,.,.,906,.,"1,832",.,"3,197","1,656",456,"10,540"
EB06A,320,Cardiac Valve Disorders with CC Score 13+,.,.,.,.,.,.,.,.,.,.,.,.,.,.,.,.,456,456
EB06B,300,Cardiac Valve Disorders with CC Score 9-12,.,.,.,.,327,.,528,.,.,.,387,.,.,.,502,.,"1,100","2,843"
EB06B,320,Cardiac Valve Disorders with CC Score 9-12,"1,378",422,.,.,.,.,.,.,.,.,.,.,.,.,.,.,.,"1,800"
EB06B,430,Cardiac Valve Disorders with CC Score 9-12,.,.,.,.,363,.,.,.,.,.,.,.,.,.,.,.,.,363
EB06C,300,Cardiac Valve Disorders with CC Score 5-8,"1,753",.,404,454,327,.,.,.,376,.,773,.,"1,158",.,.,.,"1,100","6,345"
EB06C,320,Cardiac Valve Disorders with CC Score 5-8,"4,822",422,568,.,385,358,"1,402",.,.,.,906,.,611,.,.,552,"1,367","11,393"
EB06C,340,Cardiac Valve Disorders with CC Score 5-8,.,.,.,.,.,.,.,.,.,.,.,.,466,.,.,.,.,466
EB06D,180,Cardiac Valve Disorders with CC Score 0-4,.,457,.,.,.,.,.,.,.,.,.,.,.,.,.,.,.,457
EB06D,300,Cardiac Valve Disorders with CC Score 0-4,438,.,"2,020",454,980,301,528,.,"1,127",.,"1,107",.,.,.,"1,506",.,"1,100","9,562"
EB06D,320,Cardiac Valve Disorders with CC Score 0-4,"2,755","3,800",568,"2,188","1,540",.,701,.,655,.,.,.,611,.,"1,599",.,912,"15,329"
EB06D,430,Cardiac Valve Disorders with CC Score 0-4,.,741,.,.,.,.,.,.,.,.,.,.,.,.,.,.,.,741
EB07A,300,"Arrhythmia or Conduction Disorders, with CC Score 13+",.,407,.,.,327,.,.,.,.,.,.,.,.,.,.,.,"1,100","1,834"
EB07A,320,"Arrhythmia or Conduction Disorders, with CC Score 13+","1,378",422,"1,705",.,.,.,.,.,655,.,.,.,.,.,.,.,.,"4,160"
EB07B,300,"Arrhythmia or Conduction Disorders, with CC Score 10-12","1,753","1,626",.,454,327,.,.,.,752,.,.,.,772,.,.,.,"3,301","8,985"
EB07B,320,"Arrhythmia or Conduction Disorders, with CC Score 10-12","4,822",422,"1,136",.,770,358,701,.,655,.,.,.,"1,832",.,.,.,"2,735","13,432"
EB07B,430,"Arrhythmia or Conduction Disorders, with CC Score 10-12",.,.,.,.,363,.,.,.,.,.,.,.,.,.,.,.,.,363
EB07C,300,"Arrhythmia or Conduction Disorders, with CC Score 7-9","4,821","3,659",808,454,"1,307","1,205","1,583",.,"4,509",.,"1,160",.,"5,792",.,"6,026",.,"12,471","43,794"
EB07C,320,"Arrhythmia or Conduction Disorders, with CC Score 7-9","11,711","11,823","4,546","1,641","3,850",.,701,.,"1,311",.,"1,812",.,"3,053",.,"3,997",.,"2,735","47,179"
EB07C,340,"Arrhythmia or Conduction Disorders, with CC Score 7-9",.,.,.,.,.,.,.,.,.,.,.,.,466,.,.,.,.,466
EB07C,361,"Arrhythmia or Conduction Disorders, with CC Score 7-9",.,.,.,.,.,409,.,.,.,.,.,.,.,.,.,.,.,409
EB07C,430,"Arrhythmia or Conduction Disorders, with CC Score 7-9",368,"1,111",499,.,363,.,.,.,.,.,388,.,654,407,.,.,.,"3,789"
EB07D,100,"Arrhythmia or Conduction Disorders, with CC Score 4-6",.,.,.,.,438,.,.,.,.,.,.,.,.,.,.,.,.,438
EB07D,172,"Arrhythmia or Conduction Disorders, with CC Score 4-6",.,.,.,.,.,.,.,.,.,.,.,.,798,.,.,.,.,798
EB07D,180,"Arrhythmia or Conduction Disorders, with CC Score 4-6",.,457,.,.,.,.,.,.,.,.,.,.,306,.,.,.,.,763
EB07D,300,"Arrhythmia or Conduction Disorders, with CC Score 4-6","16,655","15,451","2,828","3,629","10,783","5,725","7,410",.,"14,655",.,"7,888",.,"18,147",.,"17,073",.,"23,108","143,352"
EB07D,301,"Arrhythmia or Conduction Disorders, with CC Score 4-6",.,748,.,.,.,.,.,.,.,.,.,.,.,.,.,.,.,748
EB07D,302,"Arrhythmia or Conduction Disorders, with CC Score 4-6",.,.,.,.,.,.,.,.,.,.,.,.,977,.,.,.,.,977
EB07D,320,"Arrhythmia or Conduction Disorders, with CC Score 4-6","32,377","46,027","10,366","14,768","8,470","2,864","2,803",.,"5,899",.,"16,060",.,"23,391",.,"15,987","20,978","16,042","216,031"
EB07D,340,"Arrhythmia or Conduction Disorders, with CC Score 4-6",.,.,.,.,.,.,.,.,.,.,.,.,466,.,.,.,.,466
EB07D,430,"Arrhythmia or Conduction Disorders, with CC Score 4-6",.,"1,852",499,.,"1,088",.,.,.,.,.,775,.,"5,883",.,.,.,.,"10,097"
EB07D,501,"Arrhythmia or Conduction Disorders, with CC Score 4-6",.,.,.,.,.,"1,013",.,.,.,.,.,.,.,.,.,.,.,"1,013"
EB07E,180,"Arrhythmia or Conduction Disorders, with CC Score 0-3",.,"11,418",.,.,"8,048",.,.,.,.,.,"3,548",.,"15,346",.,.,.,.,"38,361"
EB07E,300,"Arrhythmia or Conduction Disorders, with CC Score 0-3","26,298","15,858","5,656","6,350","21,239","16,872","9,495",.,"18,413",.,"10,564",.,"23,552",.,"26,112",.,"27,509","207,919"
EB07E,302,"Arrhythmia or Conduction Disorders, with CC Score 0-3",.,.,.,.,.,.,.,.,.,.,.,.,488,.,.,.,.,488
EB07E,320,"Arrhythmia or Conduction Disorders, with CC Score 0-3","79,908","131,747","25,916","46,491","32,341","12,170","3,504",.,"13,764",.,"58,561",.,"52,809",.,"24,779","228,547","55,624","766,163"
EB07E,340,"Arrhythmia or Conduction Disorders, with CC Score 0-3",.,.,"1,859",.,.,.,.,.,.,.,.,.,932,.,.,.,.,"2,792"
EB07E,370,"Arrhythmia or Conduction Disorders, with CC Score 0-3",.,.,708,.,.,.,.,.,.,.,.,.,.,.,.,.,.,708
EB07E,430,"Arrhythmia or Conduction Disorders, with CC Score 0-3",.,741,.,.,725,.,.,.,.,.,775,.,"1,961",.,644,.,.,"4,846"
EB07E,501,"Arrhythmia or Conduction Disorders, with CC Score 0-3","1,028","4,776",.,"2,255",.,"1,013",.,.,.,.,.,.,479,.,.,.,730,"10,281"
EB07E,823,"Arrhythmia or Conduction Disorders, with CC Score 0-3",.,.,.,.,659,.,.,.,.,.,.,.,.,.,.,.,.,659
EB08A,300,"Syncope or Collapse, with CC Score 13+",.,407,.,.,327,.,.,.,.,.,.,.,370,.,.,.,"1,100","2,204"
EB08A,301,"Syncope or Collapse, with CC Score 13+",.,374,.,.,.,.,.,.,.,.,.,.,.,.,.,.,.,374
EB08A,430,"Syncope or Collapse, with CC Score 13+",.,.,.,.,363,.,.,.,.,.,.,.,.,.,.,.,.,363
EB08B,180,"Syncope or Collapse, with CC Score 10-12",.,.,.,.,.,.,.,.,.,.,.,.,306,.,.,.,.,306
EB08B,300,"Syncope or Collapse, with CC Score 10-12","1,753","2,033",808,.,654,603,.,.,752,.,773,.,"3,475",.,"4,017",.,"2,568","17,434"
EB08B,320,"Syncope or Collapse, with CC Score 10-12",.,845,.,547,385,.,.,.,.,.,.,.,.,.,.,.,.,"1,777"
EB08B,340,"Syncope or Collapse, with CC Score 10-12",.,.,465,.,.,.,.,.,.,.,.,.,.,.,.,.,.,465
EB08B,361,"Syncope or Collapse, with CC Score 10-12",.,.,.,.,.,.,.,.,.,.,.,.,.,.,.,.,383,383
EB08B,370,"Syncope or Collapse, with CC Score 10-12",.,.,708,.,.,.,.,.,.,.,.,.,.,.,.,.,.,708
EB08B,430,"Syncope or Collapse, with CC Score 10-12",.,.,.,.,.,.,.,.,.,.,.,.,654,.,644,.,298,"1,596"
EB08C,100,"Syncope or Collapse, with CC Score 7-9",.,.,.,.,.,.,.,.,.,.,.,.,.,.,647,.,.,647
EB08C,180,"Syncope or Collapse, with CC Score 7-9",.,.,.,.,.,.,.,.,.,.,.,.,306,.,.,.,.,306
EB08C,300,"Syncope or Collapse, with CC Score 7-9","4,383","8,945",404,"2,721","8,496",603,"3,693",.,"6,388",.,"2,906",.,"18,147",.,"9,039",.,"24,208","89,933"
EB08C,320,"Syncope or Collapse, with CC Score 7-9","4,133","2,534","1,136",547,"1,155",358,.,.,.,.,453,.,"2,443",.,799,.,912,"14,469"
EB08C,340,"Syncope or Collapse, with CC Score 7-9",.,.,465,.,.,.,.,.,.,.,.,.,.,.,.,.,.,465
EB08C,361,"Syncope or Collapse, with CC Score 7-9",.,.,.,.,.,409,.,.,.,.,.,.,.,.,.,.,383,793
EB08C,430,"Syncope or Collapse, with CC Score 7-9",737,"1,852","1,995",.,"1,813",352,.,.,366,.,775,.,"5,883",.,.,.,895,"14,667"
EB08D,100,"Syncope or Collapse, with CC Score 4-6",.,.,.,.,.,.,.,.,.,.,.,.,388,.,"3,283",.,.,"3,671"
EB08D,180,"Syncope or Collapse, with CC Score 4-6",.,"2,284",.,.,.,.,.,.,.,.,225,.,"1,224",.,.,.,.,"3,732"
EB08D,300,"Syncope or Collapse, with CC Score 4-6","19,285","38,221","2,828","3,175","16,665","6,930","6,858",.,"12,868",.,"10,289",.,"48,263",.,"26,112",.,"75,192","266,684"
EB08D,301,"Syncope or Collapse, with CC Score 4-6",.,"1,495",.,.,.,.,.,.,.,.,.,.,.,.,.,.,.,"1,495"
EB08D,302,"Syncope or Collapse, with CC Score 4-6",.,.,.,.,.,.,.,.,.,.,.,.,488,.,.,.,.,488
EB08D,320,"Syncope or Collapse, with CC Score 4-6","6,889","13,090","4,546","3,282","3,080",716,.,.,.,.,"1,359",.,"4,885",.,"4,796","8,281","4,558","55,481"
EB08D,340,"Syncope or Collapse, with CC Score 4-6",.,.,465,.,.,.,.,.,.,.,.,.,.,.,.,.,.,465
EB08D,430,"Syncope or Collapse, with CC Score 4-6","2,578","5,186","1,995",.,"3,263",703,.,.,.,.,"2,326",.,"22,878",.,"1,931",.,895,"41,756"
EB08E,100,"Syncope or Collapse, with CC Score 0-3",.,.,.,573,.,.,.,.,.,.,525,.,"2,328",.,647,.,.,"4,073"
EB08E,110,"Syncope or Collapse, with CC Score 0-3",.,.,.,.,.,.,.,.,.,.,.,.,.,.,.,.,400,400
EB08E,180,"Syncope or Collapse, with CC Score 0-3",.,"12,789",.,.,"11,626",.,.,.,.,.,"2,021",.,"7,040",.,.,.,.,"33,474"
EB08E,300,"Syncope or Collapse, with CC Score 0-3","63,553","78,069","12,928","15,422","20,586","17,174","6,330",.,"19,541",.,"44,998",.,"92,278",.,"49,210",.,"82,528","502,616"
EB08E,301,"Syncope or Collapse, with CC Score 0-3",.,"1,869",.,.,.,.,.,.,.,.,.,.,.,.,.,.,.,"1,869"
EB08E,303,"Syncope or Collapse, with CC Score 0-3",.,.,"1,424",.,.,.,.,.,.,.,.,.,.,.,.,.,.,"1,424"
EB08E,320,"Syncope or Collapse, with CC Score 0-3","24,110","19,847","5,114","8,204","1,540","3,221","1,402",.,"2,622",.,"8,605",.,"8,549",.,"7,993","45,268","7,293","143,767"
EB08E,340,"Syncope or Collapse, with CC Score 0-3",.,.,.,.,.,.,.,.,.,.,.,.,466,.,.,.,.,466
EB08E,370,"Syncope or Collapse, with CC Score 0-3",.,.,708,.,.,.,.,.,.,.,.,.,.,.,.,.,.,708
EB08E,430,"Syncope or Collapse, with CC Score 0-3","1,842","13,706","1,496",.,"5,075",.,.,.,.,.,"3,877",.,"30,068",.,"3,863",.,"1,194","61,120"
EB08E,501,"Syncope or Collapse, with CC Score 0-3",.,955,.,.,939,"1,013",.,.,.,.,.,.,.,.,.,.,"1,460","4,367"
EB08E,502,"Syncope or Collapse, with CC Score 0-3",.,.,.,794,.,.,.,.,.,.,.,.,.,.,.,.,.,794
EB09B,320,Non-Interventional Congenital Cardiac Conditions with CC Score 0-2,.,422,.,.,.,.,.,.,.,.,.,.,611,.,.,.,.,"1,033"
EB10A,300,"Actual or Suspected Myocardial Infarction, with CC Score 13+",.,407,.,.,654,.,.,.,.,.,.,.,.,.,.,.,734,"1,794"
EB10A,320,"Actual or Suspected Myocardial Infarction, with CC Score 13+",.,"2,111",.,.,"1,155",.,701,.,.,.,.,.,.,.,.,.,.,"3,967"
EB10A,361,"Actual or Suspected Myocardial Infarction, with CC Score 13+",.,"1,768",.,.,.,.,.,.,.,.,.,.,.,.,.,.,.,"1,768"
EB10A,430,"Actual or Suspected Myocardial Infarction, with CC Score 13+",.,.,499,.,.,.,.,.,.,360,.,.,.,.,.,.,.,858
EB10B,300,"Actual or Suspected Myocardial Infarction, with CC Score 10-12",.,813,.,454,"1,634",.,528,.,"1,127",.,.,.,772,.,502,.,"2,201","8,031"
EB10B,301,"Actual or Suspected Myocardial Infarction, with CC Score 10-12",.,374,.,.,.,.,.,.,.,.,.,.,.,.,.,.,.,374
EB10B,320,"Actual or Suspected Myocardial Infarction, with CC Score 10-12","2,755","5,912",568,.,770,358,.,.,.,.,.,.,"2,443",.,.,.,456,"13,262"
EB10B,340,"Actual or Suspected Myocardial Infarction, with CC Score 10-12",.,.,.,.,.,.,.,.,.,.,.,.,932,.,.,.,.,932
EB10B,361,"Actual or Suspected Myocardial Infarction, with CC Score 10-12",.,.,704,.,.,.,.,.,.,.,.,.,.,.,.,.,.,704
EB10B,430,"Actual or Suspected Myocardial Infarction, with CC Score 10-12",.,.,.,.,363,.,.,.,.,.,.,.,.,.,.,.,298,661
EB10C,100,"Actual or Suspected Myocardial Infarction, with CC Score 7-9",.,.,.,.,.,395,.,.,.,.,.,.,.,.,.,.,.,395
EB10C,170,"Actual or Suspected Myocardial Infarction, with CC Score 7-9",.,.,.,.,.,.,.,.,.,.,.,.,644,.,.,.,.,644
EB10C,180,"Actual or Suspected Myocardial Infarction, with CC Score 7-9",.,.,.,.,.,.,.,.,.,.,.,.,306,.,.,.,.,306
EB10C,300,"Actual or Suspected Myocardial Infarction, with CC Score 7-9","2,191","4,066",808,"1,814","2,941","1,205",.,.,"1,127",.,387,.,"1,931",.,"4,017",.,"11,004","31,491"
EB10C,303,"Actual or Suspected Myocardial Infarction, with CC Score 7-9",.,357,.,.,.,.,.,.,.,.,.,.,.,.,.,.,.,357
EB10C,320,"Actual or Suspected Myocardial Infarction, with CC Score 7-9","6,200","16,468","2,273","2,188","6,160","1,074","2,803",.,"1,966",.,"2,264",.,"3,053",.,.,.,"6,381","50,831"
EB10C,340,"Actual or Suspected Myocardial Infarction, with CC Score 7-9",.,.,.,.,.,714,.,.,.,.,.,.,.,.,.,.,.,714
EB10C,361,"Actual or Suspected Myocardial Infarction, with CC Score 7-9",521,.,"1,408",.,.,.,.,.,.,.,.,.,.,.,.,.,.,"1,929"
EB10C,370,"Actual or Suspected Myocardial Infarction, with CC Score 7-9",.,.,708,.,.,.,.,.,.,.,.,.,.,.,.,.,.,708
EB10C,430,"Actual or Suspected Myocardial Infarction, with CC Score 7-9",368,741,997,.,725,.,.,.,.,.,.,.,654,.,.,.,298,"3,784"
EB10D,100,"Actual or Suspected Myocardial Infarction, with CC Score 4-6","1,598",452,.,.,.,.,.,.,.,.,.,.,.,.,.,.,.,"2,050"
EB10D,180,"Actual or Suspected Myocardial Infarction, with CC Score 4-6",.,457,.,.,.,.,.,.,.,.,.,.,.,.,.,.,.,457
EB10D,300,"Actual or Suspected Myocardial Infarction, with CC Score 4-6","3,945","6,506",.,"2,721","6,208","3,615","1,055",.,"2,630",.,"2,653",.,"2,317",.,"5,524",.,"11,737","48,912"
EB10D,320,"Actual or Suspected Myocardial Infarction, with CC Score 4-6","21,355","29,559","3,409","12,580","15,400","5,369","1,402",.,"5,243",.,"7,699",.,"4,274",.,"3,997","3,864","11,851","126,002"
EB10D,430,"Actual or Suspected Myocardial Infarction, with CC Score 4-6",.,.,499,.,"2,175",352,.,.,.,.,388,.,"1,307",.,644,.,298,"5,663"
EB10E,100,"Actual or Suspected Myocardial Infarction, with CC Score 0-3",.,452,.,.,.,.,.,.,.,.,.,.,.,.,.,.,.,452
EB10E,180,"Actual or Suspected Myocardial Infarction, with CC Score 0-3",.,"3,212",.,.,"2,683",.,.,.,.,.,.,.,306,.,.,.,.,"6,201"
EB10E,300,"Actual or Suspected Myocardial Infarction, with CC Score 0-3","4,821","2,033",404,"4,536","5,555","5,725","3,693",.,"4,509",.,"1,494",.,772,.,"9,541",.,"1,467","44,549"
EB10E,320,"Actual or Suspected Myocardial Infarction, with CC Score 0-3","26,177","37,160","1,705","42,663","25,026","15,033","2,103",.,"4,588",.,"12,228",.,"4,274",.,"30,375","24,842","25,068","251,241"
EB10E,340,"Actual or Suspected Myocardial Infarction, with CC Score 0-3",.,.,.,.,.,.,.,.,.,.,.,.,466,.,.,.,.,466
EB10E,361,"Actual or Suspected Myocardial Infarction, with CC Score 0-3",.,.,.,.,.,409,.,.,.,.,.,.,.,.,.,.,.,409
EB10E,430,"Actual or Suspected Myocardial Infarction, with CC Score 0-3",.,.,.,.,725,.,.,.,.,.,.,.,.,.,644,.,.,"1,369"
EB12A,180,Unspecified Chest Pain with CC Score 11+,.,.,.,.,894,.,.,.,.,.,.,.,.,.,.,.,.,894
EB12A,300,Unspecified Chest Pain with CC Score 11+,438,.,.,.,654,.,.,.,"1,127",.,.,.,386,.,"1,506",.,"2,568","6,679"
EB12A,320,Unspecified Chest Pain with CC Score 11+,"2,067",845,568,.,.,.,"2,103",.,.,.,.,.,.,.,799,.,"2,279","8,660"
EB12A,361,Unspecified Chest Pain with CC Score 11+,.,.,.,.,.,.,.,.,.,.,.,.,.,.,.,.,383,383
EB12A,430,Unspecified Chest Pain with CC Score 11+,.,.,.,.,.,.,.,.,.,.,.,.,.,.,.,.,298,298
EB12B,100,Unspecified Chest Pain with CC Score 5-10,.,.,.,.,438,.,.,.,.,.,.,.,388,.,.,.,.,826
EB12B,180,Unspecified Chest Pain with CC Score 5-10,.,"2,740",.,.,"1,789",.,.,.,.,.,449,.,"3,979",.,.,.,.,"8,957"
EB12B,300,Unspecified Chest Pain with CC Score 5-10,"23,668","7,319","3,232","6,350","23,527","9,641","17,935",.,"21,795",.,"5,345",.,"25,483",.,"18,579",.,"42,914","205,789"
EB12B,301,Unspecified Chest Pain with CC Score 5-10,.,"1,121",.,.,.,.,.,.,.,.,.,.,.,.,.,.,.,"1,121"
EB12B,320,Unspecified Chest Pain with CC Score 5-10,"64,064","53,206","29,411","15,862","15,015","10,380","18,923",.,"5,243",.,"22,191",.,"19,540",.,"8,793","29,810","37,831","330,270"
EB12B,340,Unspecified Chest Pain with CC Score 5-10,.,.,465,.,.,.,.,.,.,.,.,.,"3,263",.,.,.,.,"3,728"
EB12B,361,Unspecified Chest Pain with CC Score 5-10,.,.,.,.,.,409,.,.,.,.,.,.,.,.,.,.,.,409
EB12B,370,Unspecified Chest Pain with CC Score 5-10,.,.,708,.,.,.,.,.,.,.,.,.,.,.,.,.,.,708
EB12B,430,Unspecified Chest Pain with CC Score 5-10,.,741,.,.,.,.,.,.,.,.,775,.,"2,615",.,644,.,597,"5,371"
EB12C,100,Unspecified Chest Pain with CC Score 0-4,457,"1,356",.,"1,718","1,314",.,.,.,.,.,"1,051",.,"1,940",.,"2,589",.,"1,364","11,787"
EB12C,180,Unspecified Chest Pain with CC Score 0-4,.,"100,938",.,.,"53,656",.,.,.,.,.,"37,716",.,"90,294",.,.,.,.,"282,604"
EB12C,300,Unspecified Chest Pain with CC Score 0-4,"118,779","41,474","13,332","18,597","69,600","48,206","21,100",.,"59,749",.,"37,451",.,"74,903",.,"102,438",.,"52,084","657,714"
EB12C,301,Unspecified Chest Pain with CC Score 0-4,.,374,.,.,.,.,.,.,.,.,.,.,.,.,.,.,.,374
EB12C,320,Unspecified Chest Pain with CC Score 0-4,"141,906","201,844","51,269","68,917","45,816","22,192","38,547",.,"25,561",.,"99,634",.,"43,966",.,"39,967","773,968","81,131","1,634,718"
EB12C,340,Unspecified Chest Pain with CC Score 0-4,.,.,"2,789",.,.,"1,428",.,.,.,.,.,.,"10,720",.,.,.,.,"14,938"
EB12C,361,Unspecified Chest Pain with CC Score 0-4,.,.,.,.,.,409,.,.,.,.,.,.,.,.,.,.,.,409
EB12C,370,Unspecified Chest Pain with CC Score 0-4,.,.,"2,123",.,.,.,.,.,.,.,.,.,.,.,.,.,.,"2,123"
EB12C,430,Unspecified Chest Pain with CC Score 0-4,737,"2,963",499,.,725,.,.,.,.,.,"6,203",.,"4,576",.,"3,863",.,597,"20,162"
EB12C,501,Unspecified Chest Pain with CC Score 0-4,.,"8,597",.,"5,638","3,756",.,.,.,.,.,.,.,958,.,.,.,"4,381","23,330"
EB12C,502,Unspecified Chest Pain with CC Score 0-4,.,.,.,.,.,.,.,.,.,.,.,.,.,.,.,.,"1,632","1,632"
EB13A,300,Angina with CC Score 12+,438,.,.,.,.,.,.,.,.,.,.,.,.,.,502,.,367,"1,307"
EB13A,320,Angina with CC Score 12+,689,"2,111",.,.,.,.,701,.,.,.,.,.,.,.,.,.,.,"3,501"
EB13A,361,Angina with CC Score 12+,.,.,.,.,.,819,.,.,.,.,.,.,.,.,.,.,.,819
EB13B,300,Angina with CC Score 8-11,877,407,.,454,"1,307","1,205","4,220",.,"1,503",.,387,.,"1,544",.,"2,511",.,"2,201","16,615"
EB13B,303,Angina with CC Score 8-11,555,.,.,.,.,.,.,.,.,.,.,.,.,.,.,.,.,555
EB13B,320,Angina with CC Score 8-11,"3,444","8,868","3,409",.,"2,310","1,790","1,402",.,655,.,453,.,"2,443",.,.,.,"5,014","29,787"
EB13B,361,Angina with CC Score 8-11,.,442,.,.,.,819,.,.,.,.,.,.,.,.,.,.,.,"1,261"
EB13B,430,Angina with CC Score 8-11,.,.,.,.,363,.,.,.,.,.,.,.,.,.,.,.,.,363
EB13C,180,Angina with CC Score 4-7,.,"1,370",.,.,.,.,.,.,.,.,.,.,612,.,.,.,.,"1,982"
EB13C,300,Angina with CC Score 4-7,"3,068","3,659",404,"6,350","11,110","7,834","1,055",.,"13,528",.,"1,880",.,"3,475",.,"12,052",.,"7,336","71,751"
EB13C,320,Angina with CC Score 4-7,"37,888","67,563","17,615","18,597","12,705","7,159","5,607",.,"5,899",.,"12,228",.,"13,434",.,"15,987","3,864","18,232","236,776"
EB13C,340,Angina with CC Score 4-7,.,.,.,.,.,714,.,.,.,.,.,.,.,.,.,.,.,714
EB13C,430,Angina with CC Score 4-7,368,370,.,.,363,.,.,.,.,.,.,.,"1,307",.,.,.,.,"2,409"
EB13D,180,Angina with CC Score 0-3,.,"4,111",.,.,"3,577",.,.,.,.,.,225,.,"1,836",.,.,.,.,"9,749"
EB13D,300,Angina with CC Score 0-3,"8,766","1,220",404,"4,082","16,011","10,846","1,583",.,"8,267",.,"2,462",.,"1,158",.,"16,571",.,"3,301","74,672"
EB13D,320,Angina with CC Score 0-3,"19,977","77,275","8,322","28,442","13,090","7,875","5,607",.,"1,311",.,"37,589",.,"7,328",.,"19,983","7,177","12,306","246,281"
EB13D,340,Angina with CC Score 0-3,.,.,.,.,.,714,.,.,.,.,.,.,466,.,.,.,.,"1,180"
EB13D,430,Angina with CC Score 0-3,.,"1,111",.,.,363,.,.,.,.,.,.,.,"2,615",.,.,.,.,"4,088"
EB14A,100,Other Acquired Cardiac Conditions with CC Score 13+,.,.,.,.,438,.,.,.,.,.,.,.,.,.,.,.,.,438
EB14A,110,Other Acquired Cardiac Conditions with CC Score 13+,519,.,.,.,.,.,.,.,.,.,.,.,.,.,.,.,.,519
EB14A,300,Other Acquired Cardiac Conditions with CC Score 13+,438,"1,220",404,.,.,.,.,.,.,.,.,.,.,.,.,.,734,"2,796"
EB14A,361,Other Acquired Cardiac Conditions with CC Score 13+,.,.,704,.,.,"1,228",.,.,.,.,.,.,.,.,.,.,.,"1,932"
EB14A,430,Other Acquired Cardiac Conditions with CC Score 13+,.,.,.,.,.,.,.,.,.,.,.,.,.,.,.,.,298,298
EB14B,100,Other Acquired Cardiac Conditions with CC Score 9-12,.,.,.,.,438,.,.,.,.,.,.,.,388,.,.,.,.,826
EB14B,170,Other Acquired Cardiac Conditions with CC Score 9-12,.,.,.,.,.,.,.,.,.,.,.,.,644,.,.,.,.,644
EB14B,300,Other Acquired Cardiac Conditions with CC Score 9-12,"1,315","2,440",404,.,327,.,528,.,.,.,387,.,"1,544",.,"1,004",.,"2,934","10,882"
EB14B,320,Other Acquired Cardiac Conditions with CC Score 9-12,689,"2,956","3,409",.,"1,155",.,.,.,655,.,906,.,.,.,.,.,456,"10,226"
EB14B,361,Other Acquired Cardiac Conditions with CC Score 9-12,"2,605",442,"7,743",.,.,"1,228",.,.,.,.,.,.,.,.,.,.,383,"12,401"
EB14B,430,Other Acquired Cardiac Conditions with CC Score 9-12,.,.,.,.,.,.,.,.,.,.,.,.,"1,307",.,.,.,.,"1,307"
EB14C,100,Other Acquired Cardiac Conditions with CC Score 6-8,914,.,.,.,.,.,.,.,.,.,.,.,"2,421",.,.,.,.,"3,335"
EB14C,170,Other Acquired Cardiac Conditions with CC Score 6-8,.,.,.,.,.,.,.,.,.,.,.,.,644,.,.,.,.,644
EB14C,300,Other Acquired Cardiac Conditions with CC Score 6-8,"4,821","5,286","3,232",907,"1,634",603,"1,055",.,"2,255",.,"1,107",.,"9,266",.,"2,511",.,"4,401","37,078"
EB14C,320,Other Acquired Cardiac Conditions with CC Score 6-8,"6,200","4,223","2,841","1,094","3,465",716,.,.,655,.,"2,717",.,"3,053",.,.,552,"1,823","27,340"
EB14C,361,Other Acquired Cardiac Conditions with CC Score 6-8,"1,042",.,"2,112",.,.,"1,638",.,.,.,.,.,.,.,.,.,.,.,"4,791"
EB14C,430,Other Acquired Cardiac Conditions with CC Score 6-8,.,370,.,.,.,.,.,.,.,.,388,.,"1,307",.,.,.,.,"2,065"
EB14D,100,Other Acquired Cardiac Conditions with CC Score 3-5,"2,741",.,.,.,.,.,.,.,.,.,.,.,"1,210",.,.,.,.,"3,951"
EB14D,110,Other Acquired Cardiac Conditions with CC Score 3-5,.,.,.,.,.,.,.,.,.,.,.,.,.,.,.,.,400,400
EB14D,170,Other Acquired Cardiac Conditions with CC Score 3-5,.,.,.,.,.,.,.,.,.,.,.,.,"1,288",.,.,.,.,"1,288"
EB14D,300,Other Acquired Cardiac Conditions with CC Score 3-5,"6,574","5,693","3,527","3,629","3,594",904,"2,638",.,"1,879",.,"4,452",.,"9,653",.,"4,017",.,"5,135","51,695"
EB14D,301,Other Acquired Cardiac Conditions with CC Score 3-5,.,374,.,.,.,.,.,.,.,.,.,.,.,.,.,.,.,374
EB14D,320,Other Acquired Cardiac Conditions with CC Score 3-5,"8,955","10,557","4,546","3,829","8,085",716,.,.,"1,311",.,"6,793",.,"9,160",.,799,552,"3,191","58,493"
EB14D,340,Other Acquired Cardiac Conditions with CC Score 3-5,.,.,465,.,.,.,.,.,.,.,.,.,.,.,.,.,.,465
EB14D,361,Other Acquired Cardiac Conditions with CC Score 3-5,.,.,"13,374",.,.,.,.,.,.,.,.,.,.,.,.,.,383,"13,758"
EB14D,430,Other Acquired Cardiac Conditions with CC Score 3-5,.,"1,111",499,.,.,.,.,.,.,.,388,.,"3,268",.,644,.,.,"5,910"
EB14E,100,Other Acquired Cardiac Conditions with CC Score 0-2,"1,827",.,.,.,438,.,.,.,.,.,525,.,"2,033",.,647,.,.,"5,471"
EB14E,180,Other Acquired Cardiac Conditions with CC Score 0-2,.,457,.,.,894,.,.,.,.,.,225,.,612,.,.,.,.,"2,188"
EB14E,300,Other Acquired Cardiac Conditions with CC Score 0-2,"4,383","5,286","1,212","1,361","3,268","1,205","1,055",.,"1,127",.,"6,199",.,"3,861",.,"9,039",.,"3,301","41,296"
EB14E,303,Other Acquired Cardiac Conditions with CC Score 0-2,.,357,.,.,.,.,.,.,.,.,.,.,.,.,.,.,.,357
EB14E,320,Other Acquired Cardiac Conditions with CC Score 0-2,"8,955","5,067","7,754","4,923","9,240","1,790","1,402",.,655,.,"9,510",.,"12,619",.,"3,997","3,864","10,483","80,260"
EB14E,340,Other Acquired Cardiac Conditions with CC Score 0-2,.,.,.,.,.,.,.,.,.,.,.,.,466,.,.,.,.,466
EB14E,430,Other Acquired Cardiac Conditions with CC Score 0-2,.,.,499,.,.,.,.,.,.,.,"1,163",.,"1,307",.,644,.,.,"3,613"
EB14E,501,Other Acquired Cardiac Conditions with CC Score 0-2,.,.,.,.,939,"3,038",.,.,.,.,.,.,.,.,.,.,"5,111","9,089"
EB14E,502,Other Acquired Cardiac Conditions with CC Score 0-2,.,.,"1,137",.,730,.,.,.,.,.,.,.,.,.,.,.,.,"1,867"
EB15B,300,Primary Pulmonary Hypertension with CC Score 4-8,.,.,.,.,.,.,.,.,.,.,.,.,772,.,.,.,.,772
EC01A,100,"Congenital Cardiac Surgery with Intervention Score 58 or less, with Diagnosis Score 64 or less",.,.,.,.,"1,406",.,.,.,.,.,.,.,.,.,.,.,.,"1,406"
EC01A,170,"Congenital Cardiac Surgery with Intervention Score 58 or less, with Diagnosis Score 64 or less",.,.,.,.,.,.,.,.,.,.,.,.,"95,591",.,.,.,.,"95,591"
EC01A,320,"Congenital Cardiac Surgery with Intervention Score 58 or less, with Diagnosis Score 64 or less",.,.,.,.,.,.,.,.,.,.,.,.,"2,157",.,.,.,.,"2,157"
EC01B,170,"Congenital Cardiac Surgery with Intervention Score 58 or less, with Diagnosis Score 65-117",.,.,.,.,.,.,.,.,.,.,.,.,"19,351",.,.,.,.,"19,351"
EC02B,170,"Congenital Cardiac Surgery with Intervention Score 59-121, with Diagnosis Score 65-117",.,.,.,.,.,.,.,.,.,.,.,.,"5,222",.,.,.,.,"5,222"
FZ12L,361,"Major General Abdominal Procedures, 19 years and over, with CC Score 10+",.,.,"4,507",.,.,.,.,.,.,.,.,.,.,.,.,.,.,"4,507"
FZ12M,100,"Major General Abdominal Procedures, 19 years and over, with CC Score 6-9",.,.,.,.,.,.,.,.,.,.,.,.,"3,840",.,.,.,455,"4,294"
FZ12M,300,"Major General Abdominal Procedures, 19 years and over, with CC Score 6-9",.,407,.,.,.,.,.,.,.,.,.,.,.,.,.,.,.,407
FZ12N,100,"Major General Abdominal Procedures, 19 years and over, with CC Score 3-5",.,904,.,.,"2,780",.,.,.,.,.,.,.,"6,712",.,.,.,"1,113","11,509"
FZ12P,100,"Major General Abdominal Procedures, 19 years and over, with CC Score 1-2","5,478",452,.,"1,978","16,011","2,316",.,.,.,.,.,.,"10,308",.,.,.,"7,538","44,081"
FZ12P,300,"Major General Abdominal Procedures, 19 years and over, with CC Score 1-2",.,.,.,.,.,301,.,.,.,.,.,.,.,.,.,.,"1,048","1,349"
FZ12Q,100,"Major General Abdominal Procedures, 19 years and over, with CC Score 0","1,939","3,772",.,.,"15,223","8,321",.,.,.,.,.,.,"15,825",.,.,.,"4,890","49,970"
FZ12Q,300,"Major General Abdominal Procedures, 19 years and over, with CC Score 0",.,.,856,.,.,.,.,.,.,.,.,.,.,.,.,.,.,856
FZ12Q,370,"Major General Abdominal Procedures, 19 years and over, with CC Score 0",.,.,961,.,.,.,.,.,.,.,.,.,.,.,.,.,.,961
FZ12Q,502,"Major General Abdominal Procedures, 19 years and over, with CC Score 0",.,.,"9,021",.,"2,493","3,214",.,.,.,.,.,.,.,.,.,.,"3,360","18,089"
FZ12R,100,"Major General Abdominal Procedures, between 2 and 18 years, with CC Score 1+",.,.,.,.,.,"2,927",.,.,.,.,.,.,.,.,.,.,.,"2,927"
FZ12S,100,"Major General Abdominal Procedures, between 2 and 18 years, with CC Score 0",.,.,.,.,.,.,.,.,.,.,.,.,.,.,"4,625",.,.,"4,625"
FZ12U,171,"Major General Abdominal Procedures, 1 year and under, with CC Score 0-1",.,.,.,.,.,.,.,.,.,.,.,.,"9,819",.,.,.,.,"9,819"
FZ13C,100,"Minor Therapeutic or Diagnostic, General Abdominal Procedures, 19 years and over","1,598","1,445",.,573,"5,406","3,606",.,.,.,.,"3,578",.,"1,575",.,"1,973",.,"2,445","22,198"
FZ13C,300,"Minor Therapeutic or Diagnostic, General Abdominal Procedures, 19 years and over","19,285","1,626","5,913",.,327,301,"1,336",.,"3,081",.,"3,561",.,"15,491",.,"3,013",.,"13,112","67,045"
FZ13C,370,"Minor Therapeutic or Diagnostic, General Abdominal Procedures, 19 years and over",.,.,"4,731",.,.,.,.,.,.,.,.,.,.,.,.,.,.,"4,731"
FZ13C,430,"Minor Therapeutic or Diagnostic, General Abdominal Procedures, 19 years and over",.,370,.,.,.,.,.,.,.,.,.,.,"1,308",.,.,.,973,"2,652"
FZ13C,502,"Minor Therapeutic or Diagnostic, General Abdominal Procedures, 19 years and over",.,.,665,.,"11,125","3,355",.,.,.,.,.,.,.,.,.,.,"1,226","16,371"
FZ13D,100,"Minor Therapeutic or Diagnostic, General Abdominal Procedures, 18 years and under",.,"1,865",.,.,"2,742","3,017",.,.,.,.,.,.,.,.,.,.,.,"7,623"
FZ13D,300,"Minor Therapeutic or Diagnostic, General Abdominal Procedures, 18 years and under",.,.,.,.,.,301,.,.,.,.,.,.,.,.,.,.,.,301
FZ13D,420,"Minor Therapeutic or Diagnostic, General Abdominal Procedures, 18 years and under",.,.,.,.,.,.,.,.,.,.,.,.,.,.,.,.,"1,248","1,248"
FZ17E,100,"Abdominal Hernia Procedures, 19 years and over, with CC Score 4+",.,.,.,.,"3,187",.,.,.,.,.,.,.,.,.,.,.,.,"3,187"
FZ17F,100,"Abdominal Hernia Procedures, 19 years and over, with CC Score 1-3","5,701",.,"2,140",.,.,.,.,.,.,.,"2,195",.,"3,948",.,.,.,.,"13,983"
FZ17G,100,"Abdominal Hernia Procedures, 19 years and over, with CC Score 0",.,.,.,.,"5,154","5,724",.,.,.,.,.,.,.,.,.,.,"2,210","13,087"
FZ18E,100,"Inguinal, Umbilical or Femoral Hernia Procedures, between 2 and 18 years",.,.,.,.,.,.,.,.,.,.,.,.,"1,853",.,.,.,.,"1,853"
FZ18F,171,"Inguinal, Umbilical or Femoral Hernia Procedures, 1 year and under",.,.,.,.,.,.,.,.,.,.,.,.,"6,080",.,.,.,.,"6,080"
FZ18G,100,"Inguinal, Umbilical or Femoral Hernia Procedures, 19 years and over, with CC Score 6+",.,.,.,.,.,.,.,.,.,.,.,.,.,.,.,.,"1,332","1,332"
FZ18H,100,"Inguinal, Umbilical or Femoral Hernia Procedures, 19 years and over, with CC Score 3-5","2,962",.,.,.,"7,496",.,.,.,.,.,.,.,"5,541",.,"3,735",.,"1,347","21,081"
FZ18J,100,"Inguinal, Umbilical or Femoral Hernia Procedures, 19 years and over, with CC Score 1-2","6,137","3,616",.,"1,087","7,985","3,868",.,.,.,.,.,.,"8,762",.,"9,457",.,"3,265","44,177"
FZ18K,100,"Inguinal, Umbilical or Femoral Hernia Procedures, 19 years and over, with CC Score 0","11,625",904,.,"2,290","16,817","9,704",.,.,.,.,"4,044",.,"19,024",.,"2,859",.,"2,459","69,727"
FZ18K,300,"Inguinal, Umbilical or Femoral Hernia Procedures, 19 years and over, with CC Score 0",.,.,.,.,.,.,.,.,.,.,.,.,.,.,502,.,.,502
FZ19A,171,"Herniotomy Procedures, 2 years and over",.,.,.,.,.,.,.,.,.,.,.,.,"6,804",.,.,.,.,"6,804"
FZ19B,171,"Herniotomy Procedures, 1 year and under",.,.,.,.,.,.,.,.,.,.,.,.,"14,690",.,.,.,.,"14,690"
FZ20F,100,"Appendicectomy Procedures, 19 years and over, with CC Score 5+",.,452,.,.,.,.,.,.,.,.,.,.,.,.,.,.,"2,518","2,970"
FZ20G,100,"Appendicectomy Procedures, 19 years and over, with CC Score 3-4",.,.,.,.,.,.,.,.,.,.,.,.,"2,839",.,.,.,.,"2,839"
FZ20H,100,"Appendicectomy Procedures, 19 years and over, with CC Score 1-2","8,217","1,356",.,573,"30,776",.,.,.,.,.,"1,977",.,"20,004",.,"9,234",.,"8,285","80,421"
FZ20H,180,"Appendicectomy Procedures, 19 years and over, with CC Score 1-2",.,.,.,.,.,.,.,.,.,.,.,.,"1,181",.,.,.,.,"1,181"
FZ20H,300,"Appendicectomy Procedures, 19 years and over, with CC Score 1-2",.,.,.,.,.,.,.,.,.,.,.,.,"2,761",.,502,.,.,"3,263"
FZ20J,100,"Appendicectomy Procedures, 19 years and over, with CC Score 0","87,651","10,847","27,577","5,153","149,053","51,746",.,.,.,.,"33,668",.,"169,914",.,"13,196",.,"45,495","594,299"
FZ20J,300,"Appendicectomy Procedures, 19 years and over, with CC Score 0",.,.,.,.,.,.,.,.,.,.,.,.,"2,761",.,.,.,.,"2,761"
FZ20J,430,"Appendicectomy Procedures, 19 years and over, with CC Score 0",.,.,.,.,.,.,.,.,.,.,.,.,"3,291",.,.,.,.,"3,291"
FZ20J,501,"Appendicectomy Procedures, 19 years and over, with CC Score 0",.,.,.,.,.,.,.,.,.,.,.,.,.,.,"2,932",.,.,"2,932"
FZ20J,502,"Appendicectomy Procedures, 19 years and over, with CC Score 0","2,739",.,.,.,.,.,.,.,.,.,.,.,.,.,.,.,.,"2,739"
FZ20L,100,"Appendicectomy Procedures, 18 years and under, with CC Score 1-2","2,739",452,.,"1,718","4,477","5,113",.,.,.,.,.,.,"10,276",.,.,.,.,"24,774"
FZ20L,171,"Appendicectomy Procedures, 18 years and under, with CC Score 1-2",.,.,.,.,.,.,.,.,.,.,.,.,"10,026",.,.,.,.,"10,026"
FZ20M,100,"Appendicectomy Procedures, 18 years and under, with CC Score 0","52,043","11,751","4,743","6,870","87,657","44,424",.,.,.,.,"10,978",.,"26,333",.,"26,391",.,"12,793","283,984"
FZ20M,171,"Appendicectomy Procedures, 18 years and under, with CC Score 0",.,.,.,.,.,.,.,.,.,.,.,.,"8,003",.,.,.,.,"8,003"
FZ20M,420,"Appendicectomy Procedures, 18 years and under, with CC Score 0",.,"3,755",.,720,.,.,.,.,.,.,.,.,.,.,.,.,.,"4,475"
FZ21B,100,"Major Anal Procedures, 18 years and under",.,"2,396",.,.,864,.,.,.,.,.,.,.,.,.,.,.,.,"3,260"
FZ21C,100,"Major Anal Procedures, 19 years and over, with CC Score 1+",.,"1,543",.,.,.,.,.,.,.,.,.,.,.,.,.,.,"1,186","2,729"
FZ21D,100,"Major Anal Procedures, 19 years and over, with CC Score 0","11,566","2,439","1,831","5,395","4,179","3,410",.,.,.,.,"3,041",.,"11,196",.,.,.,"3,192","46,248"
FZ22B,100,"Intermediate Anal Procedures, 18 years and under","14,382","1,356",.,"4,810","13,348","7,499",.,.,.,.,"1,622",.,"2,389",.,"5,272",.,"6,530","57,208"
FZ22B,171,"Intermediate Anal Procedures, 18 years and under",.,.,.,.,.,.,.,.,.,.,.,.,"10,891",.,.,.,.,"10,891"
FZ22B,420,"Intermediate Anal Procedures, 18 years and under",.,.,.,"1,622",.,.,.,.,.,.,.,.,"1,523",.,.,.,.,"3,145"
FZ22C,100,"Intermediate Anal Procedures, 19 years and over, with CC Score 3+",.,.,.,573,.,.,.,.,.,.,.,.,.,.,"2,636",.,.,"3,208"
FZ22C,300,"Intermediate Anal Procedures, 19 years and over, with CC Score 3+",.,.,.,.,327,.,.,.,.,.,.,.,.,.,.,.,.,327
FZ22D,100,"Intermediate Anal Procedures, 19 years and over, with CC Score 1-2","11,186","6,186","1,371","1,145","4,997","4,133",.,.,.,.,"3,248",.,"22,859",.,"1,310",.,"5,652","62,086"
FZ22E,100,"Intermediate Anal Procedures, 19 years and over, with CC Score 0","97,476","24,239","8,212","19,366","50,890","49,289",.,.,.,.,"19,286",.,"119,607",.,"33,968",.,"44,879","467,211"
FZ22E,300,"Intermediate Anal Procedures, 19 years and over, with CC Score 0",.,.,.,.,.,.,.,.,.,.,813,.,.,.,.,.,.,813
FZ22E,501,"Intermediate Anal Procedures, 19 years and over, with CC Score 0",.,955,.,.,.,.,.,.,.,.,.,.,.,.,.,.,.,955
FZ22E,502,"Intermediate Anal Procedures, 19 years and over, with CC Score 0",.,.,"1,633",.,"1,726",.,.,.,.,.,.,.,.,.,.,.,.,"3,360"
FZ23A,100,"Minor Anal Procedures, 19 years and over",.,.,.,"3,117",.,.,.,.,.,.,.,.,.,.,"10,307",.,966,"14,391"
FZ23A,301,"Minor Anal Procedures, 19 years and over",.,.,.,.,.,"1,671",.,.,.,.,.,.,.,.,.,.,.,"1,671"
FZ24E,100,"Major Therapeutic Endoscopic, Upper or Lower Gastrointestinal Tract Procedures, between 2 and 18 years",.,.,.,886,.,.,.,.,.,.,.,.,.,.,.,.,.,886
FZ24E,120,"Major Therapeutic Endoscopic, Upper or Lower Gastrointestinal Tract Procedures, between 2 and 18 years","4,827",450,.,.,"2,711",.,.,.,.,.,.,.,"6,447",.,.,.,.,"14,435"
FZ24E,171,"Major Therapeutic Endoscopic, Upper or Lower Gastrointestinal Tract Procedures, between 2 and 18 years",.,.,.,.,.,.,.,.,.,.,.,.,"14,996",.,.,.,.,"14,996"
FZ24E,420,"Major Therapeutic Endoscopic, Upper or Lower Gastrointestinal Tract Procedures, between 2 and 18 years",.,"2,161",.,.,.,.,.,.,.,.,.,.,.,.,.,.,.,"2,161"
FZ24F,120,"Major Therapeutic Endoscopic, Upper or Lower Gastrointestinal Tract Procedures, 1 year and under",.,.,.,.,.,.,.,.,.,.,.,.,"1,476",.,.,.,.,"1,476"
FZ24G,100,"Major Therapeutic Endoscopic, Upper or Lower Gastrointestinal Tract Procedures, 19 years and over, with CC Score 3+",.,.,.,.,"1,948",.,.,.,.,.,.,.,.,.,.,.,.,"1,948"
FZ24G,120,"Major Therapeutic Endoscopic, Upper or Lower Gastrointestinal Tract Procedures, 19 years and over, with CC Score 3+",.,.,.,.,"1,049",.,.,.,.,.,.,.,.,.,.,.,.,"1,049"
FZ24G,300,"Major Therapeutic Endoscopic, Upper or Lower Gastrointestinal Tract Procedures, 19 years and over, with CC Score 3+",438,.,723,.,.,.,.,.,.,.,.,.,"2,001",.,.,.,.,"3,162"
FZ24G,301,"Major Therapeutic Endoscopic, Upper or Lower Gastrointestinal Tract Procedures, 19 years and over, with CC Score 3+",.,"2,966",.,.,.,.,.,.,.,.,.,.,.,.,.,.,.,"2,966"
FZ24H,100,"Major Therapeutic Endoscopic, Upper or Lower Gastrointestinal Tract Procedures, 19 years and over, with CC Score 1-2",.,.,.,573,"3,869","2,908",.,.,.,.,"2,252",.,.,.,"1,973",.,.,"11,574"
FZ24H,120,"Major Therapeutic Endoscopic, Upper or Lower Gastrointestinal Tract Procedures, 19 years and over, with CC Score 1-2","1,787",.,.,.,"1,183","3,746",.,.,.,.,.,.,"2,828",.,.,.,.,"9,545"
FZ24H,300,"Major Therapeutic Endoscopic, Upper or Lower Gastrointestinal Tract Procedures, 19 years and over, with CC Score 1-2","1,753",796,"3,422",.,.,.,.,.,698,.,.,.,"4,988",.,.,.,"1,501","13,159"
FZ24H,301,"Major Therapeutic Endoscopic, Upper or Lower Gastrointestinal Tract Procedures, 19 years and over, with CC Score 1-2",.,925,.,.,.,.,.,.,.,.,.,.,.,.,.,.,.,925
FZ24J,100,"Major Therapeutic Endoscopic, Upper or Lower Gastrointestinal Tract Procedures, 19 years and over, with CC Score 0",.,904,.,"1,849",.,"3,235",.,.,.,.,"5,277",.,.,.,"7,892",.,.,"19,157"
FZ24J,120,"Major Therapeutic Endoscopic, Upper or Lower Gastrointestinal Tract Procedures, 19 years and over, with CC Score 0",.,450,.,.,"1,567",.,.,.,.,.,.,.,"12,066",.,.,.,.,"14,083"
FZ24J,300,"Major Therapeutic Endoscopic, Upper or Lower Gastrointestinal Tract Procedures, 19 years and over, with CC Score 0","1,753",.,"9,566",.,327,.,.,.,.,.,832,.,.,.,.,.,.,"12,477"
FZ24J,301,"Major Therapeutic Endoscopic, Upper or Lower Gastrointestinal Tract Procedures, 19 years and over, with CC Score 0",.,"1,848",.,.,.,.,.,.,.,.,.,.,.,.,.,.,.,"1,848"
FZ27D,100,"Intermediate Therapeutic General Abdominal Procedures, 18 years and under",.,.,.,.,"1,658",.,.,.,.,.,.,.,.,.,.,.,.,"1,658"
FZ27E,300,"Intermediate Therapeutic General Abdominal Procedures, 19 years and over, with CC Score 3+",.,.,.,.,327,.,.,.,.,.,.,.,.,.,.,.,.,327
FZ27F,100,"Intermediate Therapeutic General Abdominal Procedures, 19 years and over, with CC Score 1-2",.,452,.,.,.,.,.,.,.,.,"1,301",.,"2,830",.,.,.,.,"4,584"
FZ27F,502,"Intermediate Therapeutic General Abdominal Procedures, 19 years and over, with CC Score 1-2",.,.,.,.,"1,573",.,.,.,.,.,.,.,.,.,.,.,.,"1,573"
FZ27G,100,"Intermediate Therapeutic General Abdominal Procedures, 19 years and over, with CC Score 0","2,739",.,.,"1,070","1,387",.,.,.,.,.,.,.,.,.,.,.,"2,693","7,889"
FZ36K,430,"Gastrointestinal Infections with Single Intervention, with CC Score 2-4",.,.,.,.,363,.,.,.,.,.,.,.,.,.,.,.,.,363
FZ36M,100,"Gastrointestinal Infections without Interventions, with CC Score 8+",.,.,.,.,438,.,.,.,.,.,.,.,.,.,.,.,.,438
FZ36M,300,"Gastrointestinal Infections without Interventions, with CC Score 8+",438,407,.,.,327,.,.,.,376,.,.,.,"3,089",.,502,.,"6,235","11,374"
FZ36M,361,"Gastrointestinal Infections without Interventions, with CC Score 8+",.,.,.,.,.,.,.,.,.,.,.,.,.,.,.,.,383,383
FZ36M,430,"Gastrointestinal Infections without Interventions, with CC Score 8+",.,.,.,.,.,.,.,.,.,.,.,.,654,.,644,.,.,"1,297"
FZ36N,100,"Gastrointestinal Infections without Interventions, with CC Score 5-7",457,.,.,.,438,.,.,.,.,.,.,.,.,.,.,.,.,895
FZ36N,180,"Gastrointestinal Infections without Interventions, with CC Score 5-7",.,.,.,.,.,.,.,.,.,.,.,.,612,.,.,.,.,612
FZ36N,300,"Gastrointestinal Infections without Interventions, with CC Score 5-7","3,506","2,033","2,020",454,654,301,.,.,"1,503",.,"2,133",.,"19,691",.,"3,013",.,"9,537","44,845"
FZ36N,301,"Gastrointestinal Infections without Interventions, with CC Score 5-7",.,374,.,.,.,.,.,.,.,.,.,.,.,.,.,.,.,374
FZ36N,302,"Gastrointestinal Infections without Interventions, with CC Score 5-7",.,.,.,.,.,.,.,.,.,.,.,.,488,.,.,.,.,488
FZ36N,361,"Gastrointestinal Infections without Interventions, with CC Score 5-7","1,563",.,.,.,.,.,.,.,.,.,.,.,.,.,.,.,.,"1,563"
FZ36N,430,"Gastrointestinal Infections without Interventions, with CC Score 5-7",.,741,997,.,.,.,.,.,.,.,388,.,654,.,.,.,.,"2,780"
FZ36P,100,"Gastrointestinal Infections without Interventions, with CC Score 2-4","1,370",.,.,.,"3,505","1,186",.,.,.,.,"1,051",.,"6,985",.,647,.,455,"15,198"
FZ36P,101,"Gastrointestinal Infections without Interventions, with CC Score 2-4",.,.,.,.,420,.,.,.,.,.,.,.,.,.,.,.,.,420
FZ36P,180,"Gastrointestinal Infections without Interventions, with CC Score 2-4",.,.,.,.,.,.,.,.,.,.,225,.,"1,530",.,.,.,.,"1,755"
FZ36P,300,"Gastrointestinal Infections without Interventions, with CC Score 2-4","19,285","8,132","9,292","1,361","6,208","3,615","3,165",.,"3,006",.,"15,795",.,"58,687",.,"8,536",.,"34,845","171,929"
FZ36P,301,"Gastrointestinal Infections without Interventions, with CC Score 2-4",.,374,.,.,.,.,.,.,.,.,.,.,.,.,.,.,.,374
FZ36P,302,"Gastrointestinal Infections without Interventions, with CC Score 2-4",.,.,.,.,.,.,.,.,.,.,.,.,"1,465",.,.,.,.,"1,465"
FZ36P,303,"Gastrointestinal Infections without Interventions, with CC Score 2-4",555,.,.,.,.,.,.,.,.,.,.,.,.,.,.,.,.,555
FZ36P,320,"Gastrointestinal Infections without Interventions, with CC Score 2-4",.,.,.,.,385,.,.,.,.,.,453,.,.,.,799,.,.,"1,637"
FZ36P,340,"Gastrointestinal Infections without Interventions, with CC Score 2-4",.,.,.,.,.,.,.,.,.,.,.,.,466,.,.,.,.,466
FZ36P,361,"Gastrointestinal Infections without Interventions, with CC Score 2-4","1,042",.,"1,408",.,.,409,.,.,.,.,.,.,.,.,.,.,.,"2,859"
FZ36P,370,"Gastrointestinal Infections without Interventions, with CC Score 2-4",.,.,708,.,.,.,.,.,.,.,.,.,.,.,.,.,.,708
FZ36P,430,"Gastrointestinal Infections without Interventions, with CC Score 2-4","1,473","1,482","1,995",.,"1,088",.,.,.,.,.,"1,551",.,"8,498",.,644,.,.,"16,729"
FZ36Q,100,"Gastrointestinal Infections without Interventions, with CC Score 0-1","8,223",452,.,573,"12,266","3,953",.,.,.,.,"6,305",.,"17,850",.,"5,824",.,"6,363","61,808"
FZ36Q,180,"Gastrointestinal Infections without Interventions, with CC Score 0-1",.,"1,370",.,.,"6,260",.,.,.,.,.,674,.,"3,673",.,.,.,.,"11,977"
FZ36Q,300,"Gastrointestinal Infections without Interventions, with CC Score 0-1","28,928","15,451","10,908","2,721","5,882","6,327","5,275",.,"4,134",.,"25,992",.,"103,475",.,"17,575",.,"48,416","275,084"
FZ36Q,301,"Gastrointestinal Infections without Interventions, with CC Score 0-1",.,"2,990",.,.,.,.,.,.,.,.,.,.,.,.,.,.,.,"2,990"
FZ36Q,302,"Gastrointestinal Infections without Interventions, with CC Score 0-1",.,.,.,.,.,.,.,.,.,.,.,.,"2,930",.,.,.,.,"2,930"
FZ36Q,303,"Gastrointestinal Infections without Interventions, with CC Score 0-1",555,.,712,.,.,.,.,.,.,.,.,.,.,.,.,.,.,"1,267"
FZ36Q,320,"Gastrointestinal Infections without Interventions, with CC Score 0-1",.,"1,267",.,.,.,.,701,.,.,.,.,.,.,.,799,.,.,"2,767"
FZ36Q,340,"Gastrointestinal Infections without Interventions, with CC Score 0-1",.,.,465,.,.,714,.,.,.,.,.,.,"1,864",.,.,.,.,"3,043"
FZ36Q,350,"Gastrointestinal Infections without Interventions, with CC Score 0-1",.,.,.,.,.,.,.,.,.,.,.,.,"2,070",.,.,.,.,"2,070"
FZ36Q,370,"Gastrointestinal Infections without Interventions, with CC Score 0-1",.,.,708,.,.,.,.,.,.,.,.,.,.,.,.,.,.,708
FZ36Q,430,"Gastrointestinal Infections without Interventions, with CC Score 0-1",.,"1,111",.,.,363,.,.,.,.,.,"3,101",.,"8,498",.,644,.,.,"13,716"
FZ36Q,501,"Gastrointestinal Infections without Interventions, with CC Score 0-1","9,254",.,.,.,"1,878","10,128",.,.,.,.,.,.,479,.,.,.,"8,762","30,501"
FZ36Q,502,"Gastrointestinal Infections without Interventions, with CC Score 0-1","1,179",.,.,.,.,.,.,.,.,.,.,.,.,.,.,.,544,"1,723"
FZ37P,100,"Inflammatory Bowel Disease without Interventions, with CC Score 5+",.,.,.,.,.,.,.,.,.,.,.,.,776,.,.,.,909,"1,685"
FZ37P,300,"Inflammatory Bowel Disease without Interventions, with CC Score 5+",.,"6,506",.,454,.,.,.,.,.,.,387,.,.,.,"1,506",.,"6,969","15,821"
FZ37P,301,"Inflammatory Bowel Disease without Interventions, with CC Score 5+",.,748,.,.,.,.,.,.,.,.,.,.,.,.,.,.,.,748
FZ37P,430,"Inflammatory Bowel Disease without Interventions, with CC Score 5+",.,"1,111",.,.,.,.,.,.,.,.,.,.,.,.,.,.,.,"1,111"
FZ37Q,100,"Inflammatory Bowel Disease without Interventions, with CC Score 3-4",.,452,.,573,.,.,.,.,.,.,.,.,"1,164",.,647,.,.,"2,836"
FZ37Q,300,"Inflammatory Bowel Disease without Interventions, with CC Score 3-4","1,315","15,045","1,616","1,361",327,.,.,.,752,.,387,.,"1,158",.,"2,009",.,"5,135","29,103"
FZ37Q,301,"Inflammatory Bowel Disease without Interventions, with CC Score 3-4",.,374,.,.,.,.,.,.,.,.,.,.,.,.,.,.,.,374
FZ37Q,320,"Inflammatory Bowel Disease without Interventions, with CC Score 3-4",.,422,.,.,.,.,.,.,.,.,.,.,.,.,799,.,.,"1,222"
FZ37Q,361,"Inflammatory Bowel Disease without Interventions, with CC Score 3-4",.,442,"2,816",.,.,.,.,.,.,.,.,.,.,.,.,.,.,"3,258"
FZ37Q,430,"Inflammatory Bowel Disease without Interventions, with CC Score 3-4",.,"1,482",.,.,.,.,.,.,.,.,.,.,.,.,.,.,.,"1,482"
FZ37R,100,"Inflammatory Bowel Disease without Interventions, with CC Score 1-2",457,452,532,"1,718","2,190","1,186",.,.,.,.,.,.,"1,164",.,.,.,"1,818","9,517"
FZ37R,180,"Inflammatory Bowel Disease without Interventions, with CC Score 1-2",.,457,.,.,.,.,.,.,.,.,.,.,306,.,.,.,.,763
FZ37R,300,"Inflammatory Bowel Disease without Interventions, with CC Score 1-2","4,821","43,101","4,444","4,082",654,603,.,.,.,.,"1,055",.,"12,355",.,"7,030",.,"13,204","91,349"
FZ37R,301,"Inflammatory Bowel Disease without Interventions, with CC Score 1-2",.,"4,485",.,.,.,.,.,.,.,.,.,.,.,.,.,.,.,"4,485"
FZ37R,303,"Inflammatory Bowel Disease without Interventions, with CC Score 1-2",.,357,.,.,.,.,.,.,.,.,.,.,.,.,.,.,.,357
FZ37R,320,"Inflammatory Bowel Disease without Interventions, with CC Score 1-2",.,"1,267",.,"1,094",.,.,.,.,.,.,.,.,.,.,.,.,.,"2,361"
FZ37R,430,"Inflammatory Bowel Disease without Interventions, with CC Score 1-2",.,"2,963",499,.,.,.,.,.,.,.,.,.,.,.,.,.,.,"3,462"
FZ37S,100,"Inflammatory Bowel Disease without Interventions, with CC Score 0","2,284","8,587","1,777","2,290","9,638",395,.,.,.,.,525,.,"5,821",.,"3,883",.,"5,909","41,109"
FZ37S,180,"Inflammatory Bowel Disease without Interventions, with CC Score 0",.,"2,740",.,.,.,.,.,.,.,.,.,.,"1,224",.,.,.,.,"3,965"
FZ37S,300,"Inflammatory Bowel Disease without Interventions, with CC Score 0","13,587","21,144","15,756","4,989","1,307",603,.,.,"2,255",.,387,.,"47,104",.,"2,009",.,"14,305","123,445"
FZ37S,301,"Inflammatory Bowel Disease without Interventions, with CC Score 0",.,"9,344",.,.,.,.,.,.,.,.,.,.,.,.,.,.,.,"9,344"
FZ37S,320,"Inflammatory Bowel Disease without Interventions, with CC Score 0",.,845,568,"1,094",.,.,.,.,.,.,.,.,.,.,.,.,.,"2,507"
FZ37S,370,"Inflammatory Bowel Disease without Interventions, with CC Score 0",.,.,708,.,.,.,.,.,.,.,.,.,.,.,.,.,.,708
FZ37S,430,"Inflammatory Bowel Disease without Interventions, with CC Score 0",.,"1,111",.,.,.,.,.,.,.,.,388,.,654,.,.,.,.,"2,153"
FZ37S,501,"Inflammatory Bowel Disease without Interventions, with CC Score 0",.,"8,597",.,"1,128",.,.,.,.,.,.,.,.,.,.,.,.,730,"10,455"
FZ37S,502,"Inflammatory Bowel Disease without Interventions, with CC Score 0",.,.,.,794,.,.,.,.,.,.,.,.,.,.,.,.,.,794
FZ38L,370,"Gastrointestinal Bleed with Single Intervention, with CC Score 0-4",.,.,655,.,.,.,.,.,.,.,.,.,.,.,.,.,.,655
FZ38M,100,"Gastrointestinal Bleed without Interventions, with CC Score 9+",457,452,.,.,.,.,.,.,.,.,.,.,822,.,.,.,.,"1,731"
FZ38M,300,"Gastrointestinal Bleed without Interventions, with CC Score 9+",.,"2,033",.,.,.,.,.,.,.,.,.,.,386,.,.,.,"1,467","3,886"
FZ38M,320,"Gastrointestinal Bleed without Interventions, with CC Score 9+",.,.,.,.,.,.,.,.,.,.,453,.,.,.,.,.,.,453
FZ38M,430,"Gastrointestinal Bleed without Interventions, with CC Score 9+",.,.,.,.,.,.,.,.,.,.,.,.,.,.,.,.,298,298
FZ38N,100,"Gastrointestinal Bleed without Interventions, with CC Score 5-8","2,588",.,.,573,876,"1,581",.,.,.,.,525,.,"2,328",.,647,.,"1,364","10,482"
FZ38N,110,"Gastrointestinal Bleed without Interventions, with CC Score 5-8",519,.,.,.,.,.,.,.,.,.,.,.,.,.,.,.,.,519
FZ38N,300,"Gastrointestinal Bleed without Interventions, with CC Score 5-8","1,753","6,506","3,636",454,.,.,.,.,.,.,899,.,"12,741",.,.,.,"13,204","39,193"
FZ38N,301,"Gastrointestinal Bleed without Interventions, with CC Score 5-8",.,"2,616",.,.,.,.,.,.,.,.,.,.,.,.,.,.,.,"2,616"
FZ38N,320,"Gastrointestinal Bleed without Interventions, with CC Score 5-8",.,422,.,547,.,.,.,.,.,.,.,.,.,.,.,.,.,969
FZ38N,340,"Gastrointestinal Bleed without Interventions, with CC Score 5-8",.,.,.,.,.,.,.,.,.,.,.,.,932,.,.,.,.,932
FZ38N,361,"Gastrointestinal Bleed without Interventions, with CC Score 5-8",.,.,.,.,.,409,.,.,.,.,.,.,.,.,.,.,.,409
FZ38N,502,"Gastrointestinal Bleed without Interventions, with CC Score 5-8",589,.,.,.,.,.,.,.,.,.,.,.,.,.,.,.,.,589
FZ38P,100,"Gastrointestinal Bleed without Interventions, with CC Score 0-4","55,733","3,616","2,661","6,298","20,151","7,906",.,.,.,.,"17,863",.,"28,327",.,"9,707",.,"11,363","163,623"
FZ38P,101,"Gastrointestinal Bleed without Interventions, with CC Score 0-4",565,.,.,.,.,.,.,.,.,.,.,.,.,.,.,.,.,565
FZ38P,180,"Gastrointestinal Bleed without Interventions, with CC Score 0-4",.,"1,370",.,.,.,.,.,.,.,.,225,.,"1,224",.,.,.,.,"2,819"
FZ38P,300,"Gastrointestinal Bleed without Interventions, with CC Score 0-4","8,766","38,628","22,624","8,618","1,961","1,506",528,.,"1,127",.,"9,758",.,"117,359",.,"16,571",.,"66,022","293,468"
FZ38P,301,"Gastrointestinal Bleed without Interventions, with CC Score 0-4",.,"16,253",.,.,.,.,.,.,.,.,.,.,.,.,.,.,.,"16,253"
FZ38P,303,"Gastrointestinal Bleed without Interventions, with CC Score 0-4",.,.,"2,848",.,.,.,.,.,.,.,.,.,.,.,.,.,.,"2,848"
FZ38P,320,"Gastrointestinal Bleed without Interventions, with CC Score 0-4","1,378",422,.,.,.,.,.,.,.,.,453,.,611,.,.,.,.,"2,864"
FZ38P,340,"Gastrointestinal Bleed without Interventions, with CC Score 0-4",.,.,465,.,.,.,.,.,.,.,.,.,932,.,.,.,.,"1,397"
FZ38P,370,"Gastrointestinal Bleed without Interventions, with CC Score 0-4",.,.,"2,830",.,.,.,.,.,.,.,.,.,.,.,.,.,.,"2,830"
FZ38P,430,"Gastrointestinal Bleed without Interventions, with CC Score 0-4",737,741,.,.,.,.,.,.,.,.,"1,938",.,"3,922",407,"3,219",.,.,"10,964"
FZ38P,501,"Gastrointestinal Bleed without Interventions, with CC Score 0-4",.,955,.,.,.,.,.,.,.,.,.,.,.,.,.,.,.,955
FZ42A,300,"Wireless Capsule Endoscopy, 19 years and over",788,.,.,.,.,.,.,.,.,.,.,.,.,.,.,.,.,788
FZ49F,300,"Nutritional Disorders without Interventions, with CC Score 6+",438,.,808,.,980,.,.,.,.,.,.,.,386,.,502,.,"2,201","5,316"
FZ49G,300,"Nutritional Disorders without Interventions, with CC Score 2-5","6,574","6,912","2,020",.,"1,307",301,.,.,376,.,"1,160",.,"1,931",.,"1,506",.,"7,703","29,790"
FZ49G,301,"Nutritional Disorders without Interventions, with CC Score 2-5",.,374,.,.,.,.,.,.,.,.,.,.,.,.,.,.,.,374
FZ49G,340,"Nutritional Disorders without Interventions, with CC Score 2-5",.,.,.,.,.,.,.,.,.,.,.,.,466,.,.,.,.,466
FZ49G,430,"Nutritional Disorders without Interventions, with CC Score 2-5",737,"1,111",499,.,.,.,.,.,.,.,.,.,"1,307",.,"1,288",.,298,"5,240"
FZ49H,100,"Nutritional Disorders without Interventions, with CC Score 0-1",.,.,.,.,.,395,.,.,.,.,525,.,388,.,"1,294",.,.,"2,603"
FZ49H,180,"Nutritional Disorders without Interventions, with CC Score 0-1",.,.,.,.,894,.,.,.,.,.,225,.,306,.,.,.,.,"1,425"
FZ49H,300,"Nutritional Disorders without Interventions, with CC Score 0-1","6,574","4,066","3,632",.,.,603,528,.,752,.,"1,933",.,"5,792",.,"2,009",.,"1,100","26,987"
FZ49H,340,"Nutritional Disorders without Interventions, with CC Score 0-1",.,.,465,.,.,.,.,.,.,.,.,.,.,.,.,.,.,465
FZ49H,430,"Nutritional Disorders without Interventions, with CC Score 0-1",.,741,499,.,.,.,.,.,.,.,.,.,654,.,.,.,.,"1,893"
FZ50Z,100,"Intermediate Large Intestine Procedures, 19 years and over","6,528","5,444",.,"1,131","17,329","2,297",.,.,.,.,"1,431",.,"16,691",.,"8,129",.,"5,461","64,441"
FZ50Z,300,"Intermediate Large Intestine Procedures, 19 years and over",.,.,.,.,327,.,.,.,531,.,.,.,.,.,.,.,"1,187","2,046"
FZ51Z,100,"Diagnostic Colonoscopy, 19 years and over","2,598",.,"2,665",.,"2,463","3,893",.,.,.,.,"6,932",.,819,.,.,.,"1,332","20,703"
FZ51Z,300,"Diagnostic Colonoscopy, 19 years and over","5,341","3,000","9,601",.,.,603,.,.,998,.,"4,094",.,.,.,.,.,.,"23,638"
FZ51Z,301,"Diagnostic Colonoscopy, 19 years and over",.,"2,504",.,.,.,"2,826",.,.,.,.,.,.,.,.,.,.,.,"5,330"
FZ52Z,100,"Diagnostic Colonoscopy with Biopsy, 19 years and over",866,909,.,"1,774","5,909",854,.,.,.,.,.,.,.,.,.,.,.,"10,311"
FZ52Z,300,"Diagnostic Colonoscopy with Biopsy, 19 years and over","14,709","3,315","1,778",.,.,.,"2,672",.,.,.,"1,628",.,"1,017",.,.,.,.,"25,120"
FZ52Z,301,"Diagnostic Colonoscopy with Biopsy, 19 years and over",.,"1,989",.,.,.,909,.,.,.,.,.,.,.,.,.,.,.,"2,898"
FZ53Z,100,"Therapeutic Colonoscopy, 19 years and over","3,196",982,.,573,"2,940","1,618",.,.,.,.,.,.,.,.,.,.,"1,332","10,640"
FZ53Z,300,"Therapeutic Colonoscopy, 19 years and over","5,260",.,590,.,.,.,.,.,.,.,.,.,.,.,.,.,.,"5,849"
FZ53Z,301,"Therapeutic Colonoscopy, 19 years and over",.,.,.,.,.,"1,770",.,.,.,.,.,.,.,.,.,.,.,"1,770"
FZ54Z,100,"Diagnostic Flexible Sigmoidoscopy, 19 years and over","8,391","14,811","3,376","1,397","11,045","6,980",.,.,.,.,"13,989",.,"7,552",.,"3,108",.,"5,813","76,460"
FZ54Z,101,"Diagnostic Flexible Sigmoidoscopy, 19 years and over",.,.,.,.,921,.,.,.,.,.,.,.,.,.,.,.,.,921
FZ54Z,180,"Diagnostic Flexible Sigmoidoscopy, 19 years and over",.,925,.,.,.,.,.,.,.,.,.,.,.,.,.,.,.,925
FZ54Z,300,"Diagnostic Flexible Sigmoidoscopy, 19 years and over","26,476","3,261","14,592","1,859",654,.,.,.,687,.,"10,966",.,"1,201",.,867,.,"4,924","65,486"
FZ54Z,301,"Diagnostic Flexible Sigmoidoscopy, 19 years and over",.,"5,201",.,.,.,"1,056",.,.,.,.,.,.,.,.,.,.,.,"6,257"
FZ54Z,350,"Diagnostic Flexible Sigmoidoscopy, 19 years and over",.,.,.,.,.,.,.,.,.,.,.,.,"1,195",.,.,.,.,"1,195"
FZ55Z,100,"Diagnostic Flexible Sigmoidoscopy with Biopsy, 19 years and over","7,793","7,753",.,.,786,"1,072",.,.,.,.,962,.,"2,830",.,.,.,"3,573","24,769"
FZ55Z,300,"Diagnostic Flexible Sigmoidoscopy with Biopsy, 19 years and over","29,418","7,761","20,545",.,.,.,"1,864",.,"2,061",.,"7,177",.,"4,974",.,867,.,"1,641","76,308"
FZ55Z,301,"Diagnostic Flexible Sigmoidoscopy with Biopsy, 19 years and over",.,"8,378",.,.,.,"1,155",.,.,.,.,.,.,.,.,.,.,.,"9,533"
FZ56Z,100,"Therapeutic Flexible Sigmoidoscopy, 19 years and over","1,598",927,.,662,"1,406",.,.,.,.,.,"1,401",.,"3,326",.,.,.,.,"9,320"
FZ56Z,300,"Therapeutic Flexible Sigmoidoscopy, 19 years and over","5,657","3,510",732,.,.,.,.,.,.,.,"1,221",.,"1,046",.,.,.,987,"13,153"
FZ56Z,301,"Therapeutic Flexible Sigmoidoscopy, 19 years and over",.,"1,333",.,.,.,761,.,.,.,.,.,.,.,.,.,.,.,"2,094"
FZ57Z,100,"Diagnostic or Therapeutic, Rigid Sigmoidoscopy, 19 years and over","7,364",904,.,.,"3,920","5,775",.,.,.,.,893,.,"12,253",.,"2,072",.,"1,787","34,968"
FZ57Z,300,"Diagnostic or Therapeutic, Rigid Sigmoidoscopy, 19 years and over",.,.,.,.,.,301,.,.,.,.,.,.,.,.,.,.,.,301
FZ57Z,430,"Diagnostic or Therapeutic, Rigid Sigmoidoscopy, 19 years and over",.,.,.,.,.,.,.,.,.,.,"2,250",.,.,.,.,.,.,"2,250"
FZ58A,100,"Endoscopic or Intermediate, Lower Gastrointestinal Tract Procedures, between 2 and 18 years",.,.,.,.,.,985,.,.,.,.,.,.,.,.,.,.,.,985
FZ58A,300,"Endoscopic or Intermediate, Lower Gastrointestinal Tract Procedures, between 2 and 18 years",.,465,590,.,.,.,.,.,.,.,.,.,.,.,867,.,.,"1,922"
FZ58A,301,"Endoscopic or Intermediate, Lower Gastrointestinal Tract Procedures, between 2 and 18 years",.,450,.,.,.,.,.,.,.,.,.,.,.,.,.,.,.,450
FZ58A,420,"Endoscopic or Intermediate, Lower Gastrointestinal Tract Procedures, between 2 and 18 years",.,.,.,.,.,.,.,.,.,.,.,.,.,.,.,.,"23,919","23,919"
FZ58B,171,"Endoscopic or Intermediate, Lower Gastrointestinal Tract Procedures, 1 year and under",.,.,.,.,.,.,.,.,.,.,.,.,"7,178",.,.,.,.,"7,178"
FZ59Z,100,"Intermediate Upper Gastrointestinal Tract Procedures, 19 years and over",.,452,"2,286",.,"4,232",.,.,.,.,.,.,.,.,.,"3,062",.,"2,386","12,418"
FZ59Z,300,"Intermediate Upper Gastrointestinal Tract Procedures, 19 years and over","1,753","1,220","7,099",.,.,.,.,.,791,.,.,.,"3,887",.,.,.,"1,959","16,709"
FZ59Z,301,"Intermediate Upper Gastrointestinal Tract Procedures, 19 years and over",.,499,.,.,.,515,.,.,.,.,.,.,.,.,.,.,.,"1,015"
FZ60Z,100,"Diagnostic Endoscopic Upper Gastrointestinal Tract Procedures, 19 years and over","7,882","4,836","3,974","2,578","25,337","20,379",.,.,.,.,"10,651",.,"2,684",.,"3,108",.,"2,680","84,108"
FZ60Z,120,"Diagnostic Endoscopic Upper Gastrointestinal Tract Procedures, 19 years and over","1,609",.,.,.,"1,964",.,.,.,.,.,.,.,.,.,.,.,.,"3,573"
FZ60Z,300,"Diagnostic Endoscopic Upper Gastrointestinal Tract Procedures, 19 years and over","134,342","61,999","100,762","6,954",980,603,"1,864",.,"3,436",.,"31,097",.,"56,573",.,"4,337",.,"16,413","419,358"
FZ60Z,301,"Diagnostic Endoscopic Upper Gastrointestinal Tract Procedures, 19 years and over",.,"56,803",.,.,.,"9,039",.,.,.,.,.,.,.,.,.,.,.,"65,843"
FZ60Z,302,"Diagnostic Endoscopic Upper Gastrointestinal Tract Procedures, 19 years and over",.,.,.,.,.,.,.,.,.,.,.,.,686,.,.,.,.,686
FZ60Z,320,"Diagnostic Endoscopic Upper Gastrointestinal Tract Procedures, 19 years and over",.,.,.,.,.,.,.,.,.,.,.,.,.,.,799,.,.,799
FZ60Z,361,"Diagnostic Endoscopic Upper Gastrointestinal Tract Procedures, 19 years and over",.,.,"3,063",.,.,.,.,.,.,.,.,.,.,.,.,.,.,"3,063"
FZ60Z,430,"Diagnostic Endoscopic Upper Gastrointestinal Tract Procedures, 19 years and over",.,911,905,.,.,.,.,.,.,.,.,.,.,.,.,.,748,"2,565"
FZ61Z,100,"Diagnostic Endoscopic Upper Gastrointestinal Tract Procedures with Biopsy, 19 years and over","4,329","10,498","2,434","7,570","25,801","18,473",.,.,.,.,"16,245",.,770,.,"2,072",.,"3,573","91,764"
FZ61Z,300,"Diagnostic Endoscopic Upper Gastrointestinal Tract Procedures with Biopsy, 19 years and over","162,780","77,099","100,155","7,907",.,.,932,.,"3,436",.,"65,103",.,"49,567",.,"7,806",.,"27,902","502,686"
FZ61Z,301,"Diagnostic Endoscopic Upper Gastrointestinal Tract Procedures with Biopsy, 19 years and over",.,"65,450",.,.,.,"5,625",.,.,.,.,.,.,.,.,.,.,.,"71,075"
FZ61Z,302,"Diagnostic Endoscopic Upper Gastrointestinal Tract Procedures with Biopsy, 19 years and over",.,.,726,.,.,.,.,.,.,.,.,.,.,.,.,.,.,726
FZ61Z,320,"Diagnostic Endoscopic Upper Gastrointestinal Tract Procedures with Biopsy, 19 years and over",.,.,.,.,.,.,.,.,.,.,.,.,"2,031",.,799,.,.,"2,830"
FZ61Z,340,"Diagnostic Endoscopic Upper Gastrointestinal Tract Procedures with Biopsy, 19 years and over",.,.,.,.,.,.,.,.,.,.,.,.,665,.,.,.,.,665
FZ62A,100,"Endoscopic or Intermediate, Upper Gastrointestinal Tract Procedures, between 2 and 18 years",.,647,.,791,651,"1,906",.,.,.,.,"1,007",.,930,.,.,.,.,"5,932"
FZ62A,171,"Endoscopic or Intermediate, Upper Gastrointestinal Tract Procedures, between 2 and 18 years",.,.,.,.,.,.,.,.,.,.,.,.,"8,542",.,.,.,.,"8,542"
FZ62A,300,"Endoscopic or Intermediate, Upper Gastrointestinal Tract Procedures, between 2 and 18 years","3,922",627,"4,192",.,.,.,.,.,.,.,696,.,"2,212",.,.,.,.,"11,650"
FZ62A,420,"Endoscopic or Intermediate, Upper Gastrointestinal Tract Procedures, between 2 and 18 years","1,525",.,.,"1,275",.,734,.,.,.,.,.,.,"2,306",.,.,.,.,"5,839"
FZ62B,171,"Endoscopic or Intermediate, Upper Gastrointestinal Tract Procedures, 1 year and under",.,.,.,.,.,.,.,.,.,.,.,.,"3,943",.,.,.,.,"3,943"
FZ62B,420,"Endoscopic or Intermediate, Upper Gastrointestinal Tract Procedures, 1 year and under",.,"2,098",.,.,.,.,.,.,.,.,.,.,.,.,.,.,.,"2,098"
FZ63Z,100,Combined Upper and Lower Gastrointestinal Tract Diagnostic Endoscopic Procedures,.,.,.,.,903,.,.,.,.,.,"3,367",.,785,.,.,.,.,"5,055"
FZ63Z,300,Combined Upper and Lower Gastrointestinal Tract Diagnostic Endoscopic Procedures,"3,380",.,"6,341",.,.,.,"1,336",.,.,.,892,.,.,.,.,.,"1,641","13,590"
FZ63Z,301,Combined Upper and Lower Gastrointestinal Tract Diagnostic Endoscopic Procedures,.,515,.,.,.,.,.,.,.,.,.,.,.,.,.,.,.,515
FZ64A,100,"Combined Upper and Lower Gastrointestinal Tract Diagnostic Endoscopic Procedures with Biopsy, 19 years and over",.,.,.,.,.,"1,137",.,.,.,.,"1,402",.,"1,503",.,.,.,.,"4,042"
FZ64A,300,"Combined Upper and Lower Gastrointestinal Tract Diagnostic Endoscopic Procedures with Biopsy, 19 years and over","3,922","3,318","8,025","2,341",.,.,.,.,.,.,"4,038",.,950,.,.,.,821,"23,414"
FZ64A,301,"Combined Upper and Lower Gastrointestinal Tract Diagnostic Endoscopic Procedures with Biopsy, 19 years and over",.,552,.,.,.,.,.,.,.,.,.,.,.,.,.,.,.,552
FZ64B,100,"Combined Upper and Lower Gastrointestinal Tract Diagnostic Endoscopic Procedures with Biopsy, 18 years and under",.,.,.,908,.,.,.,.,.,.,.,.,.,.,.,.,.,908
FZ65Z,100,Combined Upper and Lower Gastrointestinal Tract Therapeutic Endoscopic Procedures,"1,027",.,.,.,"1,309",.,.,.,.,.,.,.,.,.,.,.,.,"2,337"
FZ65Z,300,Combined Upper and Lower Gastrointestinal Tract Therapeutic Endoscopic Procedures,"1,857",.,"1,779",.,.,.,.,.,.,.,.,.,.,.,.,.,.,"3,637"
FZ65Z,301,Combined Upper and Lower Gastrointestinal Tract Therapeutic Endoscopic Procedures,.,493,.,.,.,.,.,.,.,.,.,.,.,.,.,.,.,493
FZ66C,100,"Very Major Small Intestine Procedures, 19 years and over, with CC Score 8+",.,.,.,.,.,.,.,.,.,.,.,.,"5,182",.,.,.,"2,063","7,245"
FZ66D,100,"Very Major Small Intestine Procedures, 19 years and over, with CC Score 5-7","7,304",.,.,.,"5,006",.,.,.,.,.,"5,841",.,.,.,.,.,"8,254","26,404"
FZ66E,100,"Very Major Small Intestine Procedures, 19 years and over, with CC Score 2-4",.,.,.,.,"3,922","10,395",.,.,.,.,.,.,"30,111",.,.,.,"10,463","54,892"
FZ66E,300,"Very Major Small Intestine Procedures, 19 years and over, with CC Score 2-4",.,.,789,.,.,.,.,.,.,.,"2,428",.,"3,481",.,.,.,"2,031","8,729"
FZ66F,100,"Very Major Small Intestine Procedures, 19 years and over, with CC Score 0-1",.,.,.,.,"14,083",.,.,.,.,.,.,.,"2,993",.,.,.,"4,127","21,202"
FZ67F,100,"Major Small Intestine Procedures, 19 years and over, with CC Score 0-1",.,452,.,.,"1,832",.,.,.,.,.,.,.,"7,517",.,.,.,.,"9,800"
FZ68K,171,"Very Major or Major, Small Intestine Procedures, 1 year and under, with CC Score 1-2",.,.,.,.,.,.,.,.,.,.,.,.,"5,586",.,.,.,.,"5,586"
FZ68L,171,"Very Major or Major, Small Intestine Procedures, 1 year and under, with CC Score 0",.,.,.,.,.,.,.,.,.,.,.,.,"23,445",.,.,.,.,"23,445"
FZ68L,420,"Very Major or Major, Small Intestine Procedures, 1 year and under, with CC Score 0",.,.,.,.,.,.,.,.,.,.,.,.,"1,474",.,.,.,.,"1,474"
FZ69C,100,"Complex Small Intestine Procedures, 19 years and over, with CC Score 7+",.,.,.,.,.,.,.,.,.,.,.,.,.,.,.,.,"2,063","2,063"
FZ69D,100,"Complex Small Intestine Procedures, 19 years and over, with CC Score 3-6",.,.,.,.,.,.,.,.,.,.,.,.,.,.,.,.,"2,063","2,063"
FZ69E,100,"Complex Small Intestine Procedures, 19 years and over, with CC Score 0-2",.,.,.,.,"5,026",.,.,.,.,.,.,.,.,.,.,.,"1,347","6,372"
FZ70Z,100,"Therapeutic Endoscopic Upper Gastrointestinal Tract Procedures, 19 years and over",.,452,"1,325",.,"8,024",.,.,.,.,.,"5,312",.,"4,782",.,.,.,"1,332","21,228"
FZ70Z,300,"Therapeutic Endoscopic Upper Gastrointestinal Tract Procedures, 19 years and over","24,045","7,527","17,476","1,201",.,.,.,.,687,.,"6,627",.,"5,277",.,.,.,"5,544","68,383"
FZ70Z,301,"Therapeutic Endoscopic Upper Gastrointestinal Tract Procedures, 19 years and over",.,"9,635",.,.,.,"6,314",.,.,.,.,.,.,.,.,.,.,.,"15,949"
FZ71D,300,Endoscopic Insertion of Luminal Stent into Gastrointestinal Tract with CC Score 7+,"1,393",.,.,.,.,.,.,.,.,.,901,.,.,.,.,.,.,"2,294"
FZ71E,300,Endoscopic Insertion of Luminal Stent into Gastrointestinal Tract with CC Score 4-6,"1,393",.,"2,614",.,.,.,.,.,.,.,"2,801",.,.,.,.,.,"2,549","9,358"
FZ71F,100,Endoscopic Insertion of Luminal Stent into Gastrointestinal Tract with CC Score 1-3,.,.,.,.,.,.,.,.,.,.,.,.,.,.,.,.,"1,332","1,332"
FZ71F,300,Endoscopic Insertion of Luminal Stent into Gastrointestinal Tract with CC Score 1-3,"2,787",.,"42,109",454,.,.,.,.,.,.,.,.,.,.,.,.,"2,095","47,445"
FZ71F,301,Endoscopic Insertion of Luminal Stent into Gastrointestinal Tract with CC Score 1-3,.,475,.,.,.,.,.,.,.,.,.,.,.,.,.,.,.,475
FZ71G,100,Endoscopic Insertion of Luminal Stent into Gastrointestinal Tract with CC Score 0,.,.,.,.,.,"1,487",.,.,.,.,.,.,.,.,.,.,.,"1,487"
FZ71G,300,Endoscopic Insertion of Luminal Stent into Gastrointestinal Tract with CC Score 0,"2,695",.,"50,171",.,.,.,.,.,.,.,.,.,.,.,.,.,.,"52,866"
FZ71G,301,Endoscopic Insertion of Luminal Stent into Gastrointestinal Tract with CC Score 0,.,"1,385",.,.,.,.,.,.,.,.,.,.,.,.,.,.,.,"1,385"
FZ73C,100,Very Complex Large Intestine Procedures with CC Score 9+,.,.,.,.,.,"7,773",.,.,.,.,.,.,.,.,.,.,.,"7,773"
FZ73D,100,Very Complex Large Intestine Procedures with CC Score 6-8,.,.,.,.,.,.,.,.,.,.,"9,027",.,.,.,.,.,.,"9,027"
FZ73E,100,Very Complex Large Intestine Procedures with CC Score 3-5,.,.,.,.,.,.,.,.,.,.,.,.,.,.,.,.,"2,575","2,575"
FZ73F,100,Very Complex Large Intestine Procedures with CC Score 0-2,.,.,.,.,.,.,.,.,.,.,.,.,"10,828",.,.,.,"2,575","13,403"
FZ74C,100,"Complex Large Intestine Procedures, 19 years and over, with CC Score 9+",.,805,.,.,.,.,.,.,.,.,.,.,.,.,.,.,.,805
FZ74C,300,"Complex Large Intestine Procedures, 19 years and over, with CC Score 9+",.,.,.,.,.,.,.,.,.,.,.,.,.,.,.,.,"3,255","3,255"
FZ74C,320,"Complex Large Intestine Procedures, 19 years and over, with CC Score 9+",.,.,.,.,"2,270",.,.,.,.,.,.,.,.,.,.,.,.,"2,270"
FZ74D,100,"Complex Large Intestine Procedures, 19 years and over, with CC Score 6-8",.,452,.,.,.,.,.,.,.,.,.,.,.,.,.,.,"5,693","6,145"
FZ74E,100,"Complex Large Intestine Procedures, 19 years and over, with CC Score 3-5","7,439","3,188",.,.,"4,755","18,190",.,.,.,.,.,.,"18,221",.,.,.,"13,389","65,181"
FZ74E,172,"Complex Large Intestine Procedures, 19 years and over, with CC Score 3-5",.,.,.,.,.,.,.,.,.,.,.,.,"7,205",.,.,.,.,"7,205"
FZ74F,100,"Complex Large Intestine Procedures, 19 years and over, with CC Score 0-2",.,"2,547",.,573,"32,249",.,.,.,.,.,.,.,"61,991",.,.,.,"16,129","113,489"
FZ75D,100,"Proximal Colon Procedures, 19 years and over, with CC Score 3-5",.,.,.,"1,855","4,600",.,.,.,.,.,.,.,"4,432",.,.,.,"1,347","12,234"
FZ75E,100,"Proximal Colon Procedures, 19 years and over, with CC Score 0-2",.,.,.,.,"7,806",.,.,.,.,.,.,.,"11,452",.,.,.,.,"19,258"
FZ76C,100,"Distal Colon Procedures, 19 years and over, with CC Score 3+",.,.,.,.,.,.,.,.,.,.,.,.,"4,229",.,.,.,.,"4,229"
FZ76D,100,"Distal Colon Procedures, 19 years and over, with CC Score 0-2",.,.,"4,838",.,.,"4,717",.,.,.,.,.,.,"4,828",.,.,.,.,"14,383"
FZ77D,100,"Major Large Intestine Procedures, 19 years and over, with CC Score 1-2",.,.,.,.,.,.,.,.,.,.,.,.,.,.,.,.,"1,347","1,347"
FZ77E,100,"Major Large Intestine Procedures, 19 years and over, with CC Score 0",.,452,.,.,"4,406",.,.,.,.,.,.,.,.,.,.,.,.,"4,858"
FZ78A,100,"Complex or Major, Large Intestine Procedures, between 2 and 18 years, with CC Score 1+",.,.,.,.,.,.,.,.,.,.,.,.,.,.,.,.,"3,257","3,257"
FZ78C,171,"Complex or Major, Large Intestine Procedures, 1 year and under, with CC Score 1+",.,.,.,.,.,.,.,.,.,.,.,.,"3,051",.,.,.,.,"3,051"
FZ78D,171,"Complex or Major, Large Intestine Procedures, 1 year and under, with CC Score 0",.,.,.,.,.,.,.,.,.,.,.,.,"9,584",.,.,.,.,"9,584"
FZ80E,100,"Very Complex, Oesophageal, Stomach or Duodenum Procedures, 19 years and over, with CC Score 0-2",.,.,.,.,"9,509",.,.,.,.,.,.,.,.,.,.,.,.,"9,509"
FZ81C,100,"Complex, Oesophageal, Stomach or Duodenum Procedures, 19 years and over, with CC Score 4+",.,.,.,.,.,"2,665",.,.,.,.,.,.,.,.,.,.,.,"2,665"
FZ81C,430,"Complex, Oesophageal, Stomach or Duodenum Procedures, 19 years and over, with CC Score 4+",.,.,"5,488",.,.,.,.,.,.,.,.,.,.,.,.,.,.,"5,488"
FZ81D,100,"Complex, Oesophageal, Stomach or Duodenum Procedures, 19 years and over, with CC Score 2-3",.,.,.,.,.,.,.,.,.,.,.,.,.,.,.,.,"2,210","2,210"
FZ81E,100,"Complex, Oesophageal, Stomach or Duodenum Procedures, 19 years and over, with CC Score 0-1",.,.,.,.,"3,593",.,.,.,.,.,.,.,"7,340",.,.,.,.,"10,933"
FZ81E,300,"Complex, Oesophageal, Stomach or Duodenum Procedures, 19 years and over, with CC Score 0-1",.,.,.,.,.,.,.,.,.,.,.,.,.,.,502,.,.,502
FZ82C,171,"Very Complex or Complex, Oesophageal, Stomach or Duodenum Procedures, 18 years and under, with CC Score 2+",.,.,.,.,.,.,.,.,.,.,.,.,"7,544",.,.,.,.,"7,544"
FZ83E,171,"Major, Oesophageal, Stomach or Duodenum Procedures, 1 year and under, with CC Score 1+",.,.,.,.,.,.,.,.,.,.,.,.,"4,623",.,.,.,.,"4,623"
FZ83F,171,"Major, Oesophageal, Stomach or Duodenum Procedures, 1 year and under, with CC Score 0",.,.,.,.,.,.,.,.,.,.,.,.,"21,419",.,.,.,.,"21,419"
FZ83F,320,"Major, Oesophageal, Stomach or Duodenum Procedures, 1 year and under, with CC Score 0",.,.,.,.,.,.,.,.,.,.,.,.,"10,453",.,.,.,.,"10,453"
FZ83G,300,"Major, Oesophageal, Stomach or Duodenum Procedures, 19 years and over, with CC Score 7+",.,.,.,.,327,.,.,.,.,.,.,.,.,.,.,.,.,327
FZ83H,100,"Major, Oesophageal, Stomach or Duodenum Procedures, 19 years and over, with CC Score 4-6",.,.,.,.,.,.,.,.,.,.,.,.,"9,650",.,.,.,"2,502","12,152"
FZ83J,100,"Major, Oesophageal, Stomach or Duodenum Procedures, 19 years and over, with CC Score 2-3",.,904,.,.,"4,871",.,.,.,.,.,.,.,"20,833",.,.,.,"5,004","31,612"
FZ83K,100,"Major, Oesophageal, Stomach or Duodenum Procedures, 19 years and over, with CC Score 0-1",.,.,"2,833",.,"6,231","2,753",.,.,.,.,.,.,"1,171",.,.,.,.,"12,987"
FZ83K,301,"Major, Oesophageal, Stomach or Duodenum Procedures, 19 years and over, with CC Score 0-1",.,"1,486",.,.,.,.,.,.,.,.,.,.,.,.,.,.,.,"1,486"
FZ87E,100,Complex Hernia Procedures with CC Score 3-4,.,.,.,.,.,.,.,.,.,.,.,.,.,.,.,.,"3,965","3,965"
FZ87F,100,Complex Hernia Procedures with CC Score 1-2,.,.,.,.,.,"2,360",.,.,.,.,.,.,.,.,.,.,"1,551","3,911"
FZ87G,100,Complex Hernia Procedures with CC Score 0,.,.,.,.,.,.,.,.,.,.,.,.,"5,459",.,.,.,.,"5,459"
FZ88A,300,"Insertion of Gastrostomy Tube, 19 years and over","3,506","12,718","7,043",.,.,.,.,.,"2,061",.,"11,430",.,907,.,.,.,"1,641","39,307"
FZ88A,301,"Insertion of Gastrostomy Tube, 19 years and over",.,"20,186",.,.,.,.,.,.,.,.,.,.,.,.,.,.,.,"20,186"
FZ88A,340,"Insertion of Gastrostomy Tube, 19 years and over",.,.,"2,677",.,.,.,.,.,.,.,.,.,"2,549",.,.,.,.,"5,225"
FZ89Z,300,"Complex Therapeutic Endoscopic, Upper or Lower Gastrointestinal Tract Procedures",877,.,.,.,.,.,.,.,.,.,.,.,.,.,.,.,.,877
FZ90B,100,Abdominal Pain without Interventions,"178,619","74,572","10,110","47,519","120,031","54,944",.,.,.,.,"44,132",.,"309,244",.,"112,600",.,"101,812","1,053,583"
FZ90B,101,Abdominal Pain without Interventions,"3,954",.,"4,049","1,971","6,714",.,.,.,.,.,.,.,.,.,.,.,"3,080","19,768"
FZ90B,110,Abdominal Pain without Interventions,519,.,.,.,.,.,.,.,.,.,.,.,612,.,.,.,.,"1,131"
FZ90B,180,Abdominal Pain without Interventions,.,"23,293",.,.,"17,885",.,.,.,.,.,"4,266",.,"24,486",.,.,.,.,"69,931"
FZ90B,300,Abdominal Pain without Interventions,"27,174","24,803","12,120","3,175","10,130","6,026","3,165",.,"5,637",.,"16,244",.,"59,459",.,"9,541",.,"40,347","217,821"
FZ90B,301,Abdominal Pain without Interventions,.,"8,597",.,.,.,.,.,.,.,.,.,.,.,.,.,.,.,"8,597"
FZ90B,303,Abdominal Pain without Interventions,"1,665",.,.,.,.,.,.,.,.,.,.,.,.,.,.,.,.,"1,665"
FZ90B,320,Abdominal Pain without Interventions,"5,511","2,956","1,136",.,"2,695",358,701,.,.,.,"5,887",.,611,.,799,"49,684","1,367","71,706"
FZ90B,340,Abdominal Pain without Interventions,.,.,.,.,.,.,.,.,.,.,.,.,932,.,.,.,.,932
FZ90B,361,Abdominal Pain without Interventions,"1,042",.,704,.,.,"2,047",.,.,.,.,.,.,.,.,.,.,.,"3,793"
FZ90B,430,Abdominal Pain without Interventions,.,"2,593",997,.,.,.,.,.,.,.,"1,938",.,"9,151",.,644,.,.,"15,324"
FZ90B,501,Abdominal Pain without Interventions,"19,536","21,015",.,"27,062","6,573","15,192",.,.,.,.,.,.,"9,098",.,"1,646",.,"14,603","114,727"
FZ90B,502,Abdominal Pain without Interventions,"3,536","10,073","7,392","4,765","5,837","3,269",.,.,.,.,.,.,.,.,"6,755",.,"16,865","58,493"
FZ91B,100,"Non-Malignant Gastrointestinal Tract Disorders with Multiple Interventions, with CC Score 5-7",.,.,.,.,.,.,.,.,.,.,"1,057",.,.,.,.,.,.,"1,057"
FZ91B,300,"Non-Malignant Gastrointestinal Tract Disorders with Multiple Interventions, with CC Score 5-7",.,.,"6,254",.,.,.,.,.,.,.,.,.,.,.,.,.,.,"6,254"
FZ91G,300,"Non-Malignant Gastrointestinal Tract Disorders with Single Intervention, with CC Score 3-4",438,.,.,.,.,.,.,.,.,.,.,.,.,.,.,.,.,438
FZ91H,100,"Non-Malignant Gastrointestinal Tract Disorders with Single Intervention, with CC Score 0-2",.,.,.,.,.,.,.,.,.,.,.,.,.,.,"2,636",.,.,"2,636"
FZ91H,340,"Non-Malignant Gastrointestinal Tract Disorders with Single Intervention, with CC Score 0-2",.,.,584,.,.,.,.,.,.,.,.,.,.,.,.,.,.,584
FZ91J,100,"Non-Malignant Gastrointestinal Tract Disorders without Interventions, with CC Score 11+",914,.,.,.,438,395,.,.,.,.,525,.,.,.,.,.,.,"2,272"
FZ91J,300,"Non-Malignant Gastrointestinal Tract Disorders without Interventions, with CC Score 11+",.,.,.,.,.,.,.,.,.,.,.,.,.,.,.,.,734,734
FZ91J,361,"Non-Malignant Gastrointestinal Tract Disorders without Interventions, with CC Score 11+",.,.,.,.,.,"1,228",.,.,.,.,.,.,.,.,.,.,.,"1,228"
FZ91K,100,"Non-Malignant Gastrointestinal Tract Disorders without Interventions, with CC Score 6-10","4,111",904,"7,450","1,145","3,066","1,186",.,.,.,.,.,.,"4,268",.,"1,294",.,"1,364","24,789"
FZ91K,300,"Non-Malignant Gastrointestinal Tract Disorders without Interventions, with CC Score 6-10","8,328","8,539","3,232",454,"1,307",603,.,.,"2,630",.,387,.,"9,653",.,"5,524",.,"20,540","61,195"
FZ91K,301,"Non-Malignant Gastrointestinal Tract Disorders without Interventions, with CC Score 6-10",.,"1,869",.,.,.,.,.,.,.,.,.,.,.,.,.,.,.,"1,869"
FZ91K,320,"Non-Malignant Gastrointestinal Tract Disorders without Interventions, with CC Score 6-10",689,.,.,547,385,.,.,.,655,.,453,.,.,.,.,.,456,"3,185"
FZ91K,330,"Non-Malignant Gastrointestinal Tract Disorders without Interventions, with CC Score 6-10",.,.,418,.,.,.,.,.,.,.,.,.,.,.,.,.,.,418
FZ91K,340,"Non-Malignant Gastrointestinal Tract Disorders without Interventions, with CC Score 6-10",.,.,465,.,.,.,.,.,.,.,.,.,.,.,.,.,.,465
FZ91K,361,"Non-Malignant Gastrointestinal Tract Disorders without Interventions, with CC Score 6-10",521,.,"14,078",.,.,819,.,.,.,.,.,.,.,.,.,.,.,"15,418"
FZ91K,370,"Non-Malignant Gastrointestinal Tract Disorders without Interventions, with CC Score 6-10",.,.,708,.,.,.,.,.,.,.,.,.,.,.,.,.,.,708
FZ91K,430,"Non-Malignant Gastrointestinal Tract Disorders without Interventions, with CC Score 6-10",368,"1,111",499,.,.,.,.,.,.,.,.,.,"2,615",.,.,.,597,"5,190"
FZ91L,100,"Non-Malignant Gastrointestinal Tract Disorders without Interventions, with CC Score 3-5","14,618","9,491","4,257","4,008","12,704","6,324",.,.,.,.,"4,203",.,"33,759",.,"9,060",.,"12,727","111,151"
FZ91L,101,"Non-Malignant Gastrointestinal Tract Disorders without Interventions, with CC Score 3-5",.,.,"2,024",.,.,.,.,.,.,.,.,.,.,.,.,.,.,"2,024"
FZ91L,120,"Non-Malignant Gastrointestinal Tract Disorders without Interventions, with CC Score 3-5",540,.,.,.,.,.,.,.,.,.,.,.,.,.,.,.,.,540
FZ91L,180,"Non-Malignant Gastrointestinal Tract Disorders without Interventions, with CC Score 3-5",.,457,.,.,"2,683",.,.,.,.,.,.,.,612,.,.,.,.,"3,752"
FZ91L,300,"Non-Malignant Gastrointestinal Tract Disorders without Interventions, with CC Score 3-5","37,694","40,254","13,736","4,989","7,189","2,410","3,165",.,"3,758",.,"6,580",.,"52,896",.,"13,056",.,"46,949","232,676"
FZ91L,301,"Non-Malignant Gastrointestinal Tract Disorders without Interventions, with CC Score 3-5",.,"12,770",.,.,.,.,.,.,.,.,.,.,.,.,.,.,.,"12,770"
FZ91L,302,"Non-Malignant Gastrointestinal Tract Disorders without Interventions, with CC Score 3-5",.,.,464,.,.,.,.,.,.,.,.,.,488,.,.,.,.,952
FZ91L,320,"Non-Malignant Gastrointestinal Tract Disorders without Interventions, with CC Score 3-5",.,"4,645",.,"1,641",.,.,.,.,.,.,"3,623",.,"1,832",.,.,552,"1,367","13,660"
FZ91L,340,"Non-Malignant Gastrointestinal Tract Disorders without Interventions, with CC Score 3-5",.,.,465,.,.,714,.,.,.,.,.,.,"1,398",.,.,.,.,"2,577"
FZ91L,361,"Non-Malignant Gastrointestinal Tract Disorders without Interventions, with CC Score 3-5","1,042",.,"1,408",.,.,409,.,.,.,.,.,.,.,.,.,.,.,"2,859"
FZ91L,370,"Non-Malignant Gastrointestinal Tract Disorders without Interventions, with CC Score 3-5",.,.,"1,362",.,.,.,.,.,.,.,.,.,.,.,.,.,.,"1,362"
FZ91L,430,"Non-Malignant Gastrointestinal Tract Disorders without Interventions, with CC Score 3-5","1,105","2,963",997,.,"1,813",.,.,.,.,.,775,.,"5,229",.,.,.,"2,089","14,972"
FZ91L,502,"Non-Malignant Gastrointestinal Tract Disorders without Interventions, with CC Score 3-5",.,.,.,794,.,.,.,.,.,.,.,.,.,.,.,.,.,794
FZ91M,100,"Non-Malignant Gastrointestinal Tract Disorders without Interventions, with CC Score 0-2","80,858","50,923","10,110","28,053","115,650","41,504",.,.,.,.,"45,708",.,"218,855",.,"68,595",.,"61,815","722,072"
FZ91M,101,"Non-Malignant Gastrointestinal Tract Disorders without Interventions, with CC Score 0-2",.,.,675,657,420,.,.,.,.,.,.,.,.,.,.,.,770,"2,522"
FZ91M,110,"Non-Malignant Gastrointestinal Tract Disorders without Interventions, with CC Score 0-2",519,.,.,.,.,.,.,.,.,.,.,.,.,.,.,.,.,519
FZ91M,120,"Non-Malignant Gastrointestinal Tract Disorders without Interventions, with CC Score 0-2","5,396","3,598",.,.,"3,024",.,.,.,.,.,.,.,"7,175",.,.,.,.,"19,192"
FZ91M,140,"Non-Malignant Gastrointestinal Tract Disorders without Interventions, with CC Score 0-2",614,.,.,.,.,.,.,.,.,.,.,.,.,.,.,.,.,614
FZ91M,172,"Non-Malignant Gastrointestinal Tract Disorders without Interventions, with CC Score 0-2",.,.,534,.,.,.,.,.,.,.,.,.,.,.,.,.,.,534
FZ91M,180,"Non-Malignant Gastrointestinal Tract Disorders without Interventions, with CC Score 0-2",.,"10,505",.,.,"16,097",.,.,.,.,.,"3,368",.,"8,264",.,.,.,.,"38,233"
FZ91M,300,"Non-Malignant Gastrointestinal Tract Disorders without Interventions, with CC Score 0-2","82,838","110,917","46,460","14,968","14,377","12,654","6,330",.,"18,789",.,"38,470",.,"181,853",.,"47,704",.,"104,902","680,263"
FZ91M,301,"Non-Malignant Gastrointestinal Tract Disorders without Interventions, with CC Score 0-2",.,"33,339",.,.,.,.,.,.,.,.,.,.,.,.,.,.,.,"33,339"
FZ91M,302,"Non-Malignant Gastrointestinal Tract Disorders without Interventions, with CC Score 0-2",.,.,464,.,.,.,.,.,.,.,.,.,"1,465",.,.,.,.,"1,929"
FZ91M,303,"Non-Malignant Gastrointestinal Tract Disorders without Interventions, with CC Score 0-2","1,110",.,"2,848",.,.,.,.,.,.,.,.,.,.,.,.,.,.,"3,958"
FZ91M,320,"Non-Malignant Gastrointestinal Tract Disorders without Interventions, with CC Score 0-2","5,511","29,559","1,136","3,282","3,080","2,506","5,607",.,655,.,"6,340",.,611,.,"4,796","4,968","2,279","70,330"
FZ91M,340,"Non-Malignant Gastrointestinal Tract Disorders without Interventions, with CC Score 0-2",.,.,465,.,.,714,.,.,.,.,.,.,"2,331",.,.,.,.,"3,510"
FZ91M,361,"Non-Malignant Gastrointestinal Tract Disorders without Interventions, with CC Score 0-2",521,.,"3,520",.,.,.,.,.,.,.,.,.,.,.,.,.,.,"4,041"
FZ91M,370,"Non-Malignant Gastrointestinal Tract Disorders without Interventions, with CC Score 0-2",.,.,"4,192",.,.,.,.,.,.,.,.,.,.,.,.,.,.,"4,192"
FZ91M,430,"Non-Malignant Gastrointestinal Tract Disorders without Interventions, with CC Score 0-2",737,"5,556","2,493",.,363,.,.,.,.,.,"3,101",.,"15,688",.,644,.,.,"28,582"
FZ91M,501,"Non-Malignant Gastrointestinal Tract Disorders without Interventions, with CC Score 0-2","1,028","3,821",.,.,939,"1,013",.,.,.,.,.,.,"1,915",.,.,.,"2,190","10,907"
FZ91M,502,"Non-Malignant Gastrointestinal Tract Disorders without Interventions, with CC Score 0-2","1,179","4,649","1,137","1,588",730,363,.,.,.,.,.,.,.,.,"1,351",.,"2,720","13,718"
FZ92G,100,"Malignant Gastrointestinal Tract Disorders without Interventions, with CC Score 9+",.,.,.,.,876,.,.,.,.,.,.,.,.,.,.,.,455,"1,331"
FZ92G,300,"Malignant Gastrointestinal Tract Disorders without Interventions, with CC Score 9+",438,407,404,.,.,301,.,.,.,.,.,.,.,.,.,.,"1,100","2,651"
FZ92H,100,"Malignant Gastrointestinal Tract Disorders without Interventions, with CC Score 5-8",457,452,.,573,876,395,.,.,.,.,525,.,"1,552",.,"1,294",.,.,"6,124"
FZ92H,300,"Malignant Gastrointestinal Tract Disorders without Interventions, with CC Score 5-8",877,"4,473","5,656",.,654,.,528,.,752,.,"1,160",.,"1,931",.,502,.,"9,537","26,067"
FZ92H,301,"Malignant Gastrointestinal Tract Disorders without Interventions, with CC Score 5-8",.,374,.,.,.,392,.,.,.,.,.,.,.,.,.,.,.,766
FZ92H,370,"Malignant Gastrointestinal Tract Disorders without Interventions, with CC Score 5-8",.,.,"2,830",.,.,.,.,.,.,.,.,.,.,.,.,.,.,"2,830"
FZ92H,430,"Malignant Gastrointestinal Tract Disorders without Interventions, with CC Score 5-8",.,370,.,.,363,.,.,.,.,.,.,.,"1,307",.,.,.,.,"2,040"
FZ92J,100,"Malignant Gastrointestinal Tract Disorders without Interventions, with CC Score 3-4",914,.,"1,596",.,"2,190",395,.,.,.,.,.,.,"1,552",.,.,.,909,"7,557"
FZ92J,300,"Malignant Gastrointestinal Tract Disorders without Interventions, with CC Score 3-4","3,506","2,846","3,232",.,654,301,.,.,376,.,773,.,"3,089",.,"2,511",.,"5,502","22,790"
FZ92J,320,"Malignant Gastrointestinal Tract Disorders without Interventions, with CC Score 3-4",.,.,.,547,.,.,.,.,.,.,.,.,.,.,.,.,.,547
FZ92J,370,"Malignant Gastrointestinal Tract Disorders without Interventions, with CC Score 3-4",.,.,"7,075",.,.,.,.,.,.,.,.,.,.,.,.,.,.,"7,075"
FZ92J,430,"Malignant Gastrointestinal Tract Disorders without Interventions, with CC Score 3-4",.,370,.,.,363,.,.,.,.,.,.,.,.,.,.,.,.,733
FZ92K,100,"Malignant Gastrointestinal Tract Disorders without Interventions, with CC Score 0-2","2,741","3,164","3,811","1,145","4,381",791,.,.,.,.,"1,576",.,"5,821",.,.,.,"1,818","25,247"
FZ92K,180,"Malignant Gastrointestinal Tract Disorders without Interventions, with CC Score 0-2",.,457,.,.,.,.,.,.,.,.,.,.,.,.,.,.,.,457
FZ92K,300,"Malignant Gastrointestinal Tract Disorders without Interventions, with CC Score 0-2","9,643","11,385","11,312",.,327,.,.,.,"1,503",.,692,.,"9,266",.,"2,009",.,"9,170","55,306"
FZ92K,301,"Malignant Gastrointestinal Tract Disorders without Interventions, with CC Score 0-2",.,"4,112",.,.,.,.,.,.,.,.,.,.,.,.,.,.,.,"4,112"
FZ92K,303,"Malignant Gastrointestinal Tract Disorders without Interventions, with CC Score 0-2",555,.,.,.,.,.,.,.,.,.,.,.,.,.,.,.,.,555
FZ92K,370,"Malignant Gastrointestinal Tract Disorders without Interventions, with CC Score 0-2",.,.,"13,390",.,.,.,.,.,.,.,.,.,.,.,.,.,.,"13,390"
FZ92K,430,"Malignant Gastrointestinal Tract Disorders without Interventions, with CC Score 0-2",368,741,997,.,.,.,.,.,.,.,.,.,654,.,.,.,.,"2,760"
GA03D,100,"Very Complex Open, Hepatobiliary or Pancreatic Procedures, with CC Score 2-3",.,.,.,.,.,.,.,.,.,.,.,.,.,.,.,.,"2,210","2,210"
GA03E,100,"Very Complex Open, Hepatobiliary or Pancreatic Procedures, with CC Score 0-1",.,.,"2,973",.,.,.,.,.,.,.,.,.,.,.,.,.,.,"2,973"
GA06C,100,"Major Open, Hepatobiliary or Pancreatic Procedures, with CC Score 2+",.,.,.,.,.,.,.,.,.,.,"3,996",.,.,.,.,.,.,"3,996"
GA06D,300,"Major Open, Hepatobiliary or Pancreatic Procedures, with CC Score 0-1",.,.,.,.,.,301,.,.,.,.,.,.,.,.,.,.,.,301
GA07C,100,"Intermediate Open, Hepatobiliary or Pancreatic Procedures, with CC Score 3+",.,.,.,.,"3,574",.,.,.,.,.,.,.,.,.,.,.,.,"3,574"
GA07D,100,"Intermediate Open, Hepatobiliary or Pancreatic Procedures, with CC Score 1-2",.,.,.,.,"6,303",.,.,.,.,.,.,.,"7,443",.,.,.,"1,347","15,093"
GA07D,320,"Intermediate Open, Hepatobiliary or Pancreatic Procedures, with CC Score 1-2",.,.,.,.,.,358,.,.,.,.,.,.,.,.,.,.,.,358
GA07E,300,"Intermediate Open, Hepatobiliary or Pancreatic Procedures, with CC Score 0",.,.,"1,172",.,.,.,.,.,.,.,.,.,.,.,.,.,.,"1,172"
GA10G,100,"Open or Laparoscopic Cholecystectomy, 18 years and under",.,.,.,.,.,.,.,.,.,.,.,.,"2,610",.,.,.,.,"2,610"
GA10J,100,"Laparoscopic Cholecystectomy, 19 years and over, with CC Score 1-3",.,.,.,.,.,.,.,.,.,.,.,.,"10,387",.,.,.,.,"10,387"
GA10K,100,"Laparoscopic Cholecystectomy, 19 years and over, with CC Score 0","4,470",.,.,.,"2,180","2,687",.,.,.,.,.,.,"40,057",.,.,.,"2,712","52,107"
GA10K,300,"Laparoscopic Cholecystectomy, 19 years and over, with CC Score 0",.,.,"1,946",.,.,.,.,.,.,.,.,.,.,.,.,.,.,"1,946"
GA10K,430,"Laparoscopic Cholecystectomy, 19 years and over, with CC Score 0",.,370,.,.,.,.,.,.,.,.,.,.,.,.,.,.,.,370
GA10L,100,"Open Cholecystectomy, 19 years and over, with CC Score 3+",.,.,.,.,.,"3,975",.,.,.,.,.,.,.,.,.,.,"5,424","9,400"
GA10M,100,"Open Cholecystectomy, 19 years and over, with CC Score 1-2","4,470",.,.,.,"3,013","4,892",.,.,.,.,.,.,.,.,.,.,.,"12,375"
GA11Z,100,Pancreatic Necrosectomy,.,.,.,.,.,.,.,.,.,.,"10,592",.,.,.,.,.,.,"10,592"
GB01C,300,"Very Major, Endoscopic or Percutaneous, Hepatobiliary or Pancreatic Procedures, with CC Score 7+",.,.,.,.,.,.,.,.,.,.,.,.,"1,528",.,.,.,.,"1,528"
GB01F,100,"Very Major, Endoscopic or Percutaneous, Hepatobiliary or Pancreatic Procedures, with CC Score 0-1",.,.,.,.,.,.,.,.,.,.,.,.,"6,653",.,.,.,.,"6,653"
GB01F,300,"Very Major, Endoscopic or Percutaneous, Hepatobiliary or Pancreatic Procedures, with CC Score 0-1",.,.,"2,817",.,.,.,.,.,.,.,.,.,"1,528",.,.,.,.,"4,345"
GB03C,100,"Intermediate, Endoscopic or Percutaneous, Hepatobiliary or Pancreatic Procedures, with CC Score 8+",.,.,.,.,.,"4,870",.,.,.,.,.,.,.,.,.,.,.,"4,870"
GB03C,300,"Intermediate, Endoscopic or Percutaneous, Hepatobiliary or Pancreatic Procedures, with CC Score 8+",.,627,.,.,.,.,.,.,.,.,.,.,"4,500",.,.,.,.,"5,128"
GB03D,100,"Intermediate, Endoscopic or Percutaneous, Hepatobiliary or Pancreatic Procedures, with CC Score 5-7",.,.,.,.,.,.,.,.,.,.,"3,135",.,.,.,.,.,.,"3,135"
GB03D,300,"Intermediate, Endoscopic or Percutaneous, Hepatobiliary or Pancreatic Procedures, with CC Score 5-7",.,.,.,.,.,.,.,.,.,.,.,.,"12,913",.,.,.,.,"12,913"
GB03E,100,"Intermediate, Endoscopic or Percutaneous, Hepatobiliary or Pancreatic Procedures, with CC Score 2-4",.,.,.,.,.,.,.,.,.,.,.,.,.,.,.,.,"1,332","1,332"
GB03E,300,"Intermediate, Endoscopic or Percutaneous, Hepatobiliary or Pancreatic Procedures, with CC Score 2-4",877,"2,797",879,682,.,.,.,.,.,.,.,.,"13,664",.,.,.,"1,275","20,174"
GB03E,301,"Intermediate, Endoscopic or Percutaneous, Hepatobiliary or Pancreatic Procedures, with CC Score 2-4",.,748,.,.,.,"1,401",.,.,.,.,.,.,.,.,.,.,.,"2,148"
GB03E,320,"Intermediate, Endoscopic or Percutaneous, Hepatobiliary or Pancreatic Procedures, with CC Score 2-4",.,.,.,"1,073",.,.,.,.,.,.,.,.,.,.,.,.,.,"1,073"
GB03F,100,"Intermediate, Endoscopic or Percutaneous, Hepatobiliary or Pancreatic Procedures, with CC Score 0-1",.,.,.,.,.,"2,275",.,.,.,.,"2,361",.,.,.,.,.,.,"4,636"
GB03F,300,"Intermediate, Endoscopic or Percutaneous, Hepatobiliary or Pancreatic Procedures, with CC Score 0-1","1,315",.,.,.,.,.,.,.,.,.,.,.,"11,138",.,.,.,.,"12,453"
GB03F,301,"Intermediate, Endoscopic or Percutaneous, Hepatobiliary or Pancreatic Procedures, with CC Score 0-1",.,.,.,.,.,"5,308",.,.,.,.,.,.,.,.,.,.,.,"5,308"
GB04D,100,"Minor, Endoscopic or Percutaneous, Hepatobiliary or Pancreatic Procedures, 19 years and over","2,169",.,.,.,"1,406",.,.,.,.,.,.,.,826,.,"4,625",.,.,"9,025"
GB04D,300,"Minor, Endoscopic or Percutaneous, Hepatobiliary or Pancreatic Procedures, 19 years and over","1,315",.,"4,052",.,.,.,.,.,.,.,420,.,"1,111",.,502,.,.,"7,400"
GB05G,300,Major Therapeutic Endoscopic Retrograde Cholangiopancreatography with CC Score 2-4,.,.,"1,431",.,.,.,.,.,.,.,"2,349",.,.,.,.,.,"2,852","6,631"
GB05H,300,Major Therapeutic Endoscopic Retrograde Cholangiopancreatography with CC Score 0-1,"1,315",.,"7,690","1,412",.,.,.,.,.,.,"9,371",.,.,.,.,.,.,"19,788"
GB06E,300,Intermediate Therapeutic Endoscopic Retrograde Cholangiopancreatography with CC Score 6+,877,.,.,.,.,.,.,.,998,.,"1,419",.,"2,246",.,.,.,"5,098","10,639"
GB06F,100,Intermediate Therapeutic Endoscopic Retrograde Cholangiopancreatography with CC Score 4-5,.,.,.,.,"1,406",.,.,.,.,.,.,.,.,.,.,.,.,"1,406"
GB06F,300,Intermediate Therapeutic Endoscopic Retrograde Cholangiopancreatography with CC Score 4-5,"2,457",.,"7,376",.,.,.,.,.,.,.,"4,375",.,.,.,.,.,"5,098","19,306"
GB06F,301,Intermediate Therapeutic Endoscopic Retrograde Cholangiopancreatography with CC Score 4-5,.,374,.,.,.,.,.,.,.,.,.,.,.,.,.,.,.,374
GB06G,300,Intermediate Therapeutic Endoscopic Retrograde Cholangiopancreatography with CC Score 2-3,"6,229",.,"9,436",907,.,.,.,.,"1,310",.,"18,401",.,"1,382",.,.,.,"8,177","45,842"
GB06G,301,Intermediate Therapeutic Endoscopic Retrograde Cholangiopancreatography with CC Score 2-3,.,374,.,.,.,.,.,.,.,.,.,.,.,.,.,.,.,374
GB06G,370,Intermediate Therapeutic Endoscopic Retrograde Cholangiopancreatography with CC Score 2-3,.,.,"2,158",.,.,.,.,.,.,.,.,.,.,.,.,.,.,"2,158"
GB06H,100,Intermediate Therapeutic Endoscopic Retrograde Cholangiopancreatography with CC Score 0-1,.,452,.,.,"1,406",.,.,.,.,.,.,.,"1,879",.,.,.,.,"3,737"
GB06H,300,Intermediate Therapeutic Endoscopic Retrograde Cholangiopancreatography with CC Score 0-1,"32,382",.,"24,727","2,204",.,904,.,.,"1,050",.,"22,276",.,"1,730",.,.,.,"20,025","105,298"
GB06H,301,Intermediate Therapeutic Endoscopic Retrograde Cholangiopancreatography with CC Score 0-1,.,"2,616",.,.,.,.,.,.,.,.,.,.,.,.,.,.,.,"2,616"
GB07Z,100,Minor Diagnostic Endoscopic Retrograde Cholangiopancreatography,"1,598",.,.,.,"2,812","1,487",.,.,.,.,.,.,.,.,"3,299",.,"1,405","10,601"
GB07Z,300,Minor Diagnostic Endoscopic Retrograde Cholangiopancreatography,"2,630",.,"11,927","1,093",327,.,.,.,"3,151",.,"2,348",.,"1,766",.,.,.,"4,050","27,292"
GB07Z,301,Minor Diagnostic Endoscopic Retrograde Cholangiopancreatography,.,"2,866",.,.,"1,828","1,622",.,.,.,.,.,.,.,.,.,.,.,"6,316"
GB07Z,420,Minor Diagnostic Endoscopic Retrograde Cholangiopancreatography,.,.,.,.,867,.,.,.,.,.,.,.,.,.,.,.,.,867
GB07Z,502,Minor Diagnostic Endoscopic Retrograde Cholangiopancreatography,.,.,"1,595",.,.,.,.,.,.,.,.,.,.,.,.,.,.,"1,595"
GB09D,300,Complex Therapeutic Endoscopic Retrograde Cholangiopancreatography with CC Score 5+,"1,142",.,.,.,.,.,.,.,.,.,.,.,.,.,.,.,"1,577","2,719"
GB09E,300,Complex Therapeutic Endoscopic Retrograde Cholangiopancreatography with CC Score 2-4,"1,142",.,.,454,.,.,.,.,.,.,.,.,.,.,.,.,.,"1,596"
GB09F,300,Complex Therapeutic Endoscopic Retrograde Cholangiopancreatography with CC Score 0-1,"1,142",.,"3,553",.,.,.,.,.,.,.,.,.,.,.,.,.,.,"4,695"
GB09F,301,Complex Therapeutic Endoscopic Retrograde Cholangiopancreatography with CC Score 0-1,.,"1,349",.,.,.,.,.,.,.,.,.,.,.,.,.,.,.,"1,349"
GC01E,300,"Liver Failure Disorders without Interventions, with CC Score 5+","1,315","1,220",808,454,.,.,.,.,376,.,.,.,772,.,502,.,"3,668","9,114"
GC01E,301,"Liver Failure Disorders without Interventions, with CC Score 5+",.,"1,121",.,.,.,.,.,.,.,.,.,.,.,.,.,.,.,"1,121"
GC01F,100,"Liver Failure Disorders without Interventions, with CC Score 0-4",.,.,.,.,.,395,.,.,.,.,.,.,.,.,.,.,.,395
GC01F,300,"Liver Failure Disorders without Interventions, with CC Score 0-4","10,081","6,506",.,.,.,904,.,.,"1,503",.,692,.,386,.,"2,009",.,"8,069","30,150"
GC01F,301,"Liver Failure Disorders without Interventions, with CC Score 0-4",.,"3,364",.,.,.,.,.,.,.,.,.,.,.,.,.,.,.,"3,364"
GC01F,430,"Liver Failure Disorders without Interventions, with CC Score 0-4",.,741,.,.,.,.,.,.,.,.,.,.,.,.,.,.,.,741
GC12G,300,"Malignant, Hepatobiliary or Pancreatic Disorders, without Interventions, with CC Score 6+",.,"1,626",808,.,.,.,.,.,.,.,387,.,"2,317",.,502,.,367,"6,006"
GC12G,430,"Malignant, Hepatobiliary or Pancreatic Disorders, without Interventions, with CC Score 6+",.,.,.,.,.,.,.,.,.,.,.,.,654,.,.,.,.,654
GC12H,100,"Malignant, Hepatobiliary or Pancreatic Disorders, without Interventions, with CC Score 3-5",457,.,.,.,438,.,.,.,.,.,525,.,776,.,647,.,.,"2,843"
GC12H,180,"Malignant, Hepatobiliary or Pancreatic Disorders, without Interventions, with CC Score 3-5",.,.,.,.,.,.,.,.,.,.,.,.,306,.,.,.,.,306
GC12H,300,"Malignant, Hepatobiliary or Pancreatic Disorders, without Interventions, with CC Score 3-5","2,630","2,440","6,464",.,.,.,.,.,.,.,.,.,"7,722",.,"1,004",.,"4,035","24,294"
GC12H,301,"Malignant, Hepatobiliary or Pancreatic Disorders, without Interventions, with CC Score 3-5",.,374,.,.,.,.,.,.,.,.,.,.,.,.,.,.,.,374
GC12J,100,"Malignant, Hepatobiliary or Pancreatic Disorders, without Interventions, with CC Score 1-2",457,.,.,.,"3,066",.,.,.,.,.,525,.,"1,164",.,.,.,455,"5,667"
GC12J,300,"Malignant, Hepatobiliary or Pancreatic Disorders, without Interventions, with CC Score 1-2","2,191","4,473","2,424",454,.,.,.,.,376,.,387,.,"6,564",.,"1,004",.,"3,668","21,540"
GC12J,301,"Malignant, Hepatobiliary or Pancreatic Disorders, without Interventions, with CC Score 1-2",.,374,.,.,.,.,.,.,.,.,.,.,.,.,.,.,.,374
GC12J,370,"Malignant, Hepatobiliary or Pancreatic Disorders, without Interventions, with CC Score 1-2",.,.,"6,368",.,.,.,.,.,.,.,.,.,.,.,.,.,.,"6,368"
GC12J,430,"Malignant, Hepatobiliary or Pancreatic Disorders, without Interventions, with CC Score 1-2",.,.,.,.,.,.,.,.,.,.,388,.,.,.,.,.,.,388
GC12K,100,"Malignant, Hepatobiliary or Pancreatic Disorders, without Interventions, with CC Score 0",.,.,.,.,"1,314",.,.,.,.,.,525,.,776,.,.,.,.,"2,616"
GC12K,300,"Malignant, Hepatobiliary or Pancreatic Disorders, without Interventions, with CC Score 0","1,315",939,"1,616",454,.,301,.,.,376,.,.,.,"3,475",.,502,.,"2,934","11,912"
GC12K,301,"Malignant, Hepatobiliary or Pancreatic Disorders, without Interventions, with CC Score 0",.,748,.,.,.,.,.,.,.,.,.,.,.,.,.,.,.,748
GC12K,370,"Malignant, Hepatobiliary or Pancreatic Disorders, without Interventions, with CC Score 0",.,.,708,.,.,.,.,.,.,.,.,.,.,.,.,.,.,708
GC17C,100,"Non-Malignant, Hepatobiliary or Pancreatic Disorders, with Multiple Interventions, with CC Score 0-3",.,.,.,.,438,.,.,.,.,.,.,.,.,.,.,.,.,438
GC17E,100,"Non-Malignant, Hepatobiliary or Pancreatic Disorders, with Single Intervention, with CC Score 4-8",.,.,793,.,.,.,.,.,.,.,.,.,.,.,.,.,.,793
GC17F,303,"Non-Malignant, Hepatobiliary or Pancreatic Disorders, with Single Intervention, with CC Score 0-3",.,.,791,.,.,.,.,.,.,.,.,.,.,.,.,.,.,791
GC17G,100,"Non-Malignant, Hepatobiliary or Pancreatic Disorders, without Interventions, with CC Score 8+",.,.,.,.,876,791,.,.,.,.,.,.,"1,940",.,.,.,455,"4,061"
GC17G,180,"Non-Malignant, Hepatobiliary or Pancreatic Disorders, without Interventions, with CC Score 8+",.,.,.,.,.,.,.,.,.,.,.,.,306,.,.,.,.,306
GC17G,300,"Non-Malignant, Hepatobiliary or Pancreatic Disorders, without Interventions, with CC Score 8+",877,"2,440",404,.,.,.,.,.,376,.,.,.,"8,880",.,502,.,"2,934","16,413"
GC17G,361,"Non-Malignant, Hepatobiliary or Pancreatic Disorders, without Interventions, with CC Score 8+",.,.,704,.,.,409,.,.,.,.,.,.,.,.,.,.,.,"1,113"
GC17G,430,"Non-Malignant, Hepatobiliary or Pancreatic Disorders, without Interventions, with CC Score 8+",.,.,.,.,.,.,.,.,.,.,.,.,654,.,.,.,.,654
GC17H,100,"Non-Malignant, Hepatobiliary or Pancreatic Disorders, without Interventions, with CC Score 5-7","1,370",904,.,.,"2,190","3,162",.,.,.,.,"1,576",.,"5,821",.,"1,294",.,"2,273","18,591"
GC17H,300,"Non-Malignant, Hepatobiliary or Pancreatic Disorders, without Interventions, with CC Score 5-7","3,068","6,506","3,636",907,980,301,.,.,.,.,"1,799",.,"22,780",.,"1,004",.,"11,737","52,719"
GC17H,301,"Non-Malignant, Hepatobiliary or Pancreatic Disorders, without Interventions, with CC Score 5-7",.,374,.,.,.,.,.,.,.,.,.,.,.,.,.,.,.,374
GC17H,320,"Non-Malignant, Hepatobiliary or Pancreatic Disorders, without Interventions, with CC Score 5-7",.,.,.,547,.,358,.,.,.,.,.,.,.,.,.,.,.,905
GC17H,340,"Non-Malignant, Hepatobiliary or Pancreatic Disorders, without Interventions, with CC Score 5-7",.,.,.,.,.,.,.,.,.,.,.,.,932,.,.,.,.,932
GC17H,361,"Non-Malignant, Hepatobiliary or Pancreatic Disorders, without Interventions, with CC Score 5-7",.,.,"2,112",.,.,"1,228",.,.,.,.,.,.,.,.,.,.,.,"3,340"
GC17H,430,"Non-Malignant, Hepatobiliary or Pancreatic Disorders, without Interventions, with CC Score 5-7",.,.,.,.,.,.,.,.,.,.,.,.,654,.,.,.,.,654
GC17J,100,"Non-Malignant, Hepatobiliary or Pancreatic Disorders, without Interventions, with CC Score 2-4","10,507","7,683",532,"3,435","15,771","10,673",.,.,.,.,"8,931",.,"39,192",.,"2,589",.,"10,908","110,221"
GC17J,101,"Non-Malignant, Hepatobiliary or Pancreatic Disorders, without Interventions, with CC Score 2-4",.,.,.,657,.,.,.,.,.,.,.,.,.,.,.,.,.,657
GC17J,180,"Non-Malignant, Hepatobiliary or Pancreatic Disorders, without Interventions, with CC Score 2-4",.,913,.,.,.,.,.,.,.,.,.,.,918,.,.,.,.,"1,832"
GC17J,300,"Non-Malignant, Hepatobiliary or Pancreatic Disorders, without Interventions, with CC Score 2-4","16,655","19,517","12,928",454,"2,287","2,410",528,.,376,.,"7,911",.,"42,085",.,"11,549",.,"33,745","150,445"
GC17J,301,"Non-Malignant, Hepatobiliary or Pancreatic Disorders, without Interventions, with CC Score 2-4",.,"2,243",.,.,.,.,.,.,.,.,.,.,.,.,.,.,.,"2,243"
GC17J,320,"Non-Malignant, Hepatobiliary or Pancreatic Disorders, without Interventions, with CC Score 2-4",689,"3,800",568,"1,094",.,.,"1,402",.,.,.,906,.,.,.,799,.,456,"9,714"
GC17J,340,"Non-Malignant, Hepatobiliary or Pancreatic Disorders, without Interventions, with CC Score 2-4",.,.,.,.,.,714,.,.,.,.,.,.,466,.,.,.,.,"1,180"
GC17J,361,"Non-Malignant, Hepatobiliary or Pancreatic Disorders, without Interventions, with CC Score 2-4","1,042",.,.,.,.,.,.,.,.,.,.,.,.,.,.,.,383,"1,425"
GC17J,370,"Non-Malignant, Hepatobiliary or Pancreatic Disorders, without Interventions, with CC Score 2-4",.,.,"1,415",.,.,.,.,.,.,.,.,.,.,.,.,.,.,"1,415"
GC17J,430,"Non-Malignant, Hepatobiliary or Pancreatic Disorders, without Interventions, with CC Score 2-4",368,370,.,.,363,.,.,.,.,.,"2,714",.,"2,615",.,644,.,.,"7,073"
GC17J,502,"Non-Malignant, Hepatobiliary or Pancreatic Disorders, without Interventions, with CC Score 2-4",.,775,.,.,.,.,.,.,.,.,.,.,.,.,.,.,.,775
GC17K,100,"Non-Malignant, Hepatobiliary or Pancreatic Disorders, without Interventions, with CC Score 0-1","48,308","33,896","4,257","16,030","59,139","23,717",.,.,.,.,"20,490",.,"131,158",.,"14,237",.,"44,543","395,775"
GC17K,101,"Non-Malignant, Hepatobiliary or Pancreatic Disorders, without Interventions, with CC Score 0-1",565,.,.,.,.,.,.,.,.,.,.,.,.,.,.,.,.,565
GC17K,180,"Non-Malignant, Hepatobiliary or Pancreatic Disorders, without Interventions, with CC Score 0-1",.,"1,827",.,.,894,.,.,.,.,.,674,.,"1,530",.,.,.,.,"4,925"
GC17K,300,"Non-Malignant, Hepatobiliary or Pancreatic Disorders, without Interventions, with CC Score 0-1","16,217","18,704","9,696","1,361","1,634","3,615","1,055",.,"3,758",.,"14,769",.,"45,946",.,"13,558",.,"20,540","150,853"
GC17K,301,"Non-Malignant, Hepatobiliary or Pancreatic Disorders, without Interventions, with CC Score 0-1",.,"4,780",.,.,.,.,.,.,.,.,.,.,.,.,.,.,.,"4,780"
GC17K,303,"Non-Malignant, Hepatobiliary or Pancreatic Disorders, without Interventions, with CC Score 0-1",.,.,712,.,.,.,.,.,.,.,.,.,.,.,.,.,.,712
GC17K,320,"Non-Malignant, Hepatobiliary or Pancreatic Disorders, without Interventions, with CC Score 0-1","2,067","3,800",.,"1,094",.,.,.,.,.,.,906,.,.,.,.,552,.,"8,419"
GC17K,350,"Non-Malignant, Hepatobiliary or Pancreatic Disorders, without Interventions, with CC Score 0-1",.,.,.,.,.,.,.,.,.,.,.,.,"1,035",.,.,.,.,"1,035"
GC17K,361,"Non-Malignant, Hepatobiliary or Pancreatic Disorders, without Interventions, with CC Score 0-1",.,.,704,.,.,.,.,.,.,.,.,.,.,.,.,.,.,704
GC17K,430,"Non-Malignant, Hepatobiliary or Pancreatic Disorders, without Interventions, with CC Score 0-1",.,"1,852",499,.,.,.,.,.,.,.,"2,326",.,"1,307",.,.,.,.,"5,984"
HA11A,110,"Major Hip Procedures for Trauma, Category 2, with Major CC",.,.,.,.,.,.,.,.,.,.,.,.,.,.,.,.,"2,066","2,066"
HA12B,110,"Major Hip Procedures for Trauma, Category 1, with CC","3,748",.,.,.,"13,945",.,.,.,.,.,.,.,.,.,.,.,"7,998","25,690"
HA12B,180,"Major Hip Procedures for Trauma, Category 1, with CC",.,457,.,.,.,.,.,.,.,.,.,.,.,.,.,.,.,457
HA12C,110,"Major Hip Procedures for Trauma, Category 1, without CC",.,.,.,.,"22,796",.,.,.,.,.,.,.,.,.,.,.,"1,931","24,727"
HA13A,110,"Intermediate Hip Procedures for Trauma, with Major CC","2,305",.,.,.,.,.,.,.,.,.,.,.,"10,005",.,.,.,"6,186","18,496"
HA13B,110,"Intermediate Hip Procedures for Trauma, with Intermediate CC","3,198",.,.,.,"12,575",.,.,.,.,.,.,.,.,.,.,.,.,"15,773"
HA13C,110,"Intermediate Hip Procedures for Trauma, without CC","4,610",.,.,.,"14,321",.,.,.,.,.,.,.,"11,220",.,.,.,"6,396","36,548"
HA13C,300,"Intermediate Hip Procedures for Trauma, without CC",.,.,.,.,.,.,.,.,.,.,.,.,"3,280",.,.,.,.,"3,280"
HA14C,110,"Minor Hip Procedures for Trauma, without CC","1,859",.,.,.,.,.,.,.,.,.,.,.,.,.,.,.,.,"1,859"
HA19Z,110,Minimal Hip Procedures for Trauma,"5,054",.,.,.,.,.,.,.,.,.,.,.,"4,829",.,.,.,817,"10,700"
HA19Z,430,Minimal Hip Procedures for Trauma,.,.,.,.,363,.,.,.,.,.,.,.,.,.,.,.,.,363
HA21C,110,"Major Knee Procedures for Trauma, Category 2, without CC","7,604",.,.,.,"4,031",.,.,.,.,.,.,.,"8,593",.,.,.,.,"20,227"
HA22B,430,"Major Knee Procedures for Trauma, Category 1, with CC",.,.,.,.,.,.,.,.,.,.,.,.,"4,804",.,.,.,.,"4,804"
HA22C,110,"Major Knee Procedures for Trauma, Category 1, without CC","10,945",.,.,.,"1,386",.,.,.,.,.,.,.,"10,298",.,.,.,.,"22,629"
HA23B,110,"Intermediate Knee Procedures for Trauma, Category 2, with CC",.,.,.,.,.,.,.,.,.,.,.,.,"2,316",.,.,.,.,"2,316"
HA23C,110,"Intermediate Knee Procedures for Trauma, Category 2, without CC","6,469",.,.,.,"15,821",.,.,.,.,.,.,.,"14,496",.,.,.,.,"36,786"
HA24Z,110,"Intermediate Knee Procedures for Trauma, Category 1",.,.,.,.,.,.,.,.,.,.,.,.,863,.,.,.,"2,171","3,034"
HA25C,110,"Minor Knee Procedures for Trauma, Category 2, without CC",.,.,.,.,847,.,.,.,.,.,.,.,"12,175",.,.,.,.,"13,022"
HA26C,110,"Minor Knee Procedures for Trauma, Category 1, without CC","3,718",.,.,.,.,.,.,.,.,.,.,.,.,.,.,.,.,"3,718"
HA29Z,110,Minimal Knee Procedures for Trauma,"2,825",.,.,.,.,.,.,.,.,.,.,.,"3,586",.,.,.,"2,312","8,722"
HA29Z,300,Minimal Knee Procedures for Trauma,877,.,.,.,.,.,.,.,687,.,.,.,.,.,.,.,821,"2,384"
HA29Z,320,Minimal Knee Procedures for Trauma,689,.,.,.,.,.,.,.,.,.,.,.,.,.,.,.,.,689
HA31B,110,"Major Foot Procedures for Trauma, with CC","4,954",.,.,.,.,.,.,.,.,.,.,.,.,.,.,.,.,"4,954"
HA31C,110,"Major Foot Procedures for Trauma, without CC","57,052",.,.,.,"8,882",.,.,.,.,.,.,.,"23,404",.,.,.,"4,009","93,347"
HA32Z,110,"Intermediate Foot Procedures for Trauma, Category 2","20,437",.,.,.,.,.,.,.,.,.,.,.,.,.,.,.,"2,171","22,608"
HA33Z,110,"Intermediate Foot Procedures for Trauma, Category 1","11,153",.,.,.,"5,934",.,.,"2,273",.,.,.,.,"8,844",.,.,.,"10,022","38,225"
HA34Z,110,"Minor Foot Procedures for Trauma, Category 2","8,774",.,.,.,"5,852",.,.,.,.,.,.,.,"21,554",.,.,.,.,"36,181"
HA35Z,110,"Minor Foot Procedures for Trauma, Category 1","11,672",.,.,.,"2,206",.,.,.,.,.,.,.,.,.,.,.,956,"14,834"
HA39Z,110,Minimal Foot Procedures for Trauma,"1,412",.,.,.,.,.,.,.,.,.,.,.,.,.,.,.,.,"1,412"
HA39Z,300,Minimal Foot Procedures for Trauma,.,.,.,.,.,.,.,.,687,.,.,.,.,.,.,.,.,687
HA51Z,110,"Major Hand Procedures for Trauma, Category 2","27,187",.,.,.,"28,061",.,.,.,.,.,.,.,"3,628",.,.,.,"1,525","60,400"
HA51Z,160,"Major Hand Procedures for Trauma, Category 2",.,.,.,.,.,.,.,.,.,.,.,.,.,.,.,.,"92,981","92,981"
HA52Z,110,"Major Hand Procedures for Trauma, Category 1","4,610",.,.,.,"15,449",.,.,.,.,.,.,.,.,.,.,.,.,"20,060"
HA52Z,160,"Major Hand Procedures for Trauma, Category 1",.,.,.,.,.,.,.,.,.,.,.,.,.,.,.,.,"88,829","88,829"
HA53Z,110,"Intermediate Hand Procedures for Trauma, Category 2","11,005",.,.,.,"76,568",.,.,.,.,.,.,.,.,.,.,.,"1,858","89,432"
HA53Z,160,"Intermediate Hand Procedures for Trauma, Category 2",.,.,.,.,.,.,.,.,.,.,.,.,.,.,.,.,"78,372","78,372"
HA54Z,110,"Intermediate Hand Procedures for Trauma, Category 1","3,718",.,.,.,.,.,.,.,.,.,.,.,.,.,.,.,"1,233","4,951"
HA54Z,160,"Intermediate Hand Procedures for Trauma, Category 1",.,.,.,.,.,.,.,.,.,.,.,.,.,.,.,.,"366,084","366,084"
HA55Z,100,"Minor Hand Procedures for Trauma, Category 2",.,.,.,"1,008",.,.,.,.,.,.,.,.,.,.,.,.,.,"1,008"
HA55Z,110,"Minor Hand Procedures for Trauma, Category 2","8,702",.,.,.,"20,109",.,.,.,.,.,.,.,.,.,.,.,"6,026","34,836"
HA55Z,160,"Minor Hand Procedures for Trauma, Category 2",.,.,.,.,.,.,.,.,.,.,.,.,.,.,.,.,"175,480","175,480"
HA55Z,420,"Minor Hand Procedures for Trauma, Category 2",.,.,.,.,.,.,.,.,.,.,.,.,.,.,.,.,"1,143","1,143"
HA56A,110,"Minor Hand Procedures for Trauma, Category 1, 19 years and over","16,210",.,.,.,"61,436",.,.,.,.,.,.,.,"1,220",.,.,.,"4,640","83,504"
HA56A,160,"Minor Hand Procedures for Trauma, Category 1, 19 years and over",.,.,.,.,.,.,.,.,.,.,.,.,.,.,.,.,"40,500","40,500"
HA56A,180,"Minor Hand Procedures for Trauma, Category 1, 19 years and over",.,.,.,.,894,.,.,.,.,.,.,.,.,.,.,.,.,894
HA56A,300,"Minor Hand Procedures for Trauma, Category 1, 19 years and over",.,.,.,.,.,.,.,.,.,.,.,.,.,.,.,.,972,972
HA56B,110,"Minor Hand Procedures for Trauma, Category 1, 18 years and under","14,351",.,.,.,"19,173",.,.,.,.,.,.,.,"16,581",.,.,.,"2,502","52,607"
HA56B,160,"Minor Hand Procedures for Trauma, Category 1, 18 years and under",.,.,.,.,.,.,.,.,.,.,.,.,.,.,.,.,"16,455","16,455"
HA59Z,160,Minimal Hand Procedures for Trauma,.,.,.,.,.,.,.,.,.,.,.,.,.,.,.,.,792,792
HA61B,110,"Major, Shoulder or Upper Arm Procedures for Trauma, with CC",.,.,.,.,.,.,.,.,.,.,.,.,"8,024",.,.,.,.,"8,024"
HA61C,110,"Major, Shoulder or Upper Arm Procedures for Trauma, without CC","19,987",.,.,.,"50,766",.,.,.,.,.,.,.,"3,703",.,.,.,"5,241","79,696"
HA62Z,110,"Intermediate, Shoulder or Upper Arm Procedures for Trauma","6,023",.,.,.,.,.,.,.,.,.,.,.,.,.,.,.,.,"6,023"
HA63Z,110,"Minor, Shoulder or Upper Arm Procedures for Trauma","25,576",.,.,.,"8,756",.,.,.,.,.,.,.,"5,852",.,.,.,.,"40,184"
HA63Z,180,"Minor, Shoulder or Upper Arm Procedures for Trauma",.,913,.,.,.,.,.,.,.,.,.,.,.,.,.,.,.,913
HA63Z,300,"Minor, Shoulder or Upper Arm Procedures for Trauma",438,.,.,.,327,.,.,.,.,.,.,.,.,.,.,.,.,765
HA63Z,320,"Minor, Shoulder or Upper Arm Procedures for Trauma",.,.,.,.,.,.,.,.,.,.,.,.,.,.,.,.,"1,061","1,061"
HA69Z,110,"Minimal, Shoulder or Upper Arm Procedures for Trauma",.,.,.,.,673,.,.,.,.,.,.,.,.,.,.,.,.,673
HA69Z,300,"Minimal, Shoulder or Upper Arm Procedures for Trauma",.,.,.,.,.,.,.,.,687,.,.,.,.,.,.,.,.,687
HA71B,110,"Major, Elbow or Lower Arm Procedures for Trauma, with CC","2,305",.,.,.,"2,776",.,.,.,.,.,.,.,"3,144",.,.,.,"5,241","13,466"
HA71B,160,"Major, Elbow or Lower Arm Procedures for Trauma, with CC",.,.,.,.,.,.,.,.,.,.,.,.,.,.,.,.,"1,847","1,847"
HA71C,110,"Major, Elbow or Lower Arm Procedures for Trauma, without CC","235,339",.,.,.,"70,868",.,.,"2,601",.,.,.,.,"325,962",.,.,.,"41,494","676,264"
HA71C,160,"Major, Elbow or Lower Arm Procedures for Trauma, without CC",.,.,.,.,.,.,.,.,.,.,.,.,.,.,.,.,"27,066","27,066"
HA71C,171,"Major, Elbow or Lower Arm Procedures for Trauma, without CC",.,.,.,.,.,.,.,.,.,.,.,.,"2,854",.,.,.,.,"2,854"
HA72Z,110,"Intermediate, Elbow or Lower Arm Procedures for Trauma","10,633",.,.,.,"3,715",.,.,.,.,.,.,.,"3,709",.,.,.,"2,897","20,954"
HA72Z,160,"Intermediate, Elbow or Lower Arm Procedures for Trauma",.,.,.,.,.,.,.,.,.,.,.,.,.,.,.,.,"43,917","43,917"
HA72Z,180,"Intermediate, Elbow or Lower Arm Procedures for Trauma",.,.,.,.,894,.,.,.,.,.,908,.,.,.,.,.,.,"1,803"
HA72Z,300,"Intermediate, Elbow or Lower Arm Procedures for Trauma",.,.,.,.,.,.,.,.,791,.,.,.,.,.,.,.,.,791
HA73B,100,"Minor, Elbow or Lower Arm Procedures for Trauma, 18 years and under","2,169",.,.,.,.,.,.,.,.,.,.,.,.,.,.,.,.,"2,169"
HA73B,110,"Minor, Elbow or Lower Arm Procedures for Trauma, 18 years and under","137,549",.,.,.,"6,759",.,.,.,.,.,.,.,"201,841",.,.,.,"66,148","412,296"
HA73B,150,"Minor, Elbow or Lower Arm Procedures for Trauma, 18 years and under",.,.,.,.,.,.,.,.,.,.,.,.,"4,488",.,.,.,.,"4,488"
HA73B,160,"Minor, Elbow or Lower Arm Procedures for Trauma, 18 years and under",.,.,.,.,.,.,.,.,.,.,.,.,.,.,.,.,"1,395","1,395"
HA73B,171,"Minor, Elbow or Lower Arm Procedures for Trauma, 18 years and under",.,.,.,.,.,.,.,.,.,.,.,.,"3,108",.,.,.,.,"3,108"
HA73B,180,"Minor, Elbow or Lower Arm Procedures for Trauma, 18 years and under",.,913,.,.,.,.,.,.,.,.,.,.,.,.,.,.,.,913
HA73B,350,"Minor, Elbow or Lower Arm Procedures for Trauma, 18 years and under",.,.,.,.,.,.,.,.,.,.,.,.,"3,139",.,.,.,.,"3,139"
HA73B,420,"Minor, Elbow or Lower Arm Procedures for Trauma, 18 years and under","1,525",.,.,.,.,.,.,.,.,.,.,.,.,.,.,.,.,"1,525"
HA73C,110,"Minor, Elbow or Lower Arm Procedures for Trauma, 19 years and over","11,153",.,.,.,"5,188",.,.,.,.,.,.,.,"2,753",.,.,.,"2,397","21,491"
HA73C,160,"Minor, Elbow or Lower Arm Procedures for Trauma, 19 years and over",.,.,.,.,.,.,.,.,.,.,.,.,.,.,.,.,"6,974","6,974"
HA73C,180,"Minor, Elbow or Lower Arm Procedures for Trauma, 19 years and over",.,"1,827",.,.,"1,789",.,.,.,.,.,602,.,.,.,.,.,.,"4,218"
HA73C,300,"Minor, Elbow or Lower Arm Procedures for Trauma, 19 years and over",.,.,.,.,.,.,"1,538",.,791,.,.,.,.,.,.,.,.,"2,329"
HA79Z,110,"Minimal, Elbow or Lower Arm Procedures for Trauma","5,054",.,.,.,.,.,.,"2,052",.,.,.,.,"3,993",.,.,.,.,"11,099"
HA79Z,300,"Minimal, Elbow or Lower Arm Procedures for Trauma",.,.,.,.,.,.,.,.,.,.,.,.,"1,265",.,.,.,.,"1,265"
HA81A,100,"Sprains, Strains or Minor Open Wounds, with Major CC",.,.,.,.,.,791,.,.,.,.,.,.,.,.,.,.,.,791
HA81A,110,"Sprains, Strains or Minor Open Wounds, with Major CC",519,.,.,.,.,.,.,.,.,.,.,.,612,.,.,.,400,"1,531"
HA81A,160,"Sprains, Strains or Minor Open Wounds, with Major CC",.,.,.,.,.,.,.,.,.,.,.,.,.,.,.,.,490,490
HA81A,180,"Sprains, Strains or Minor Open Wounds, with Major CC",.,913,.,.,"3,577",.,.,.,.,.,.,.,612,.,.,.,.,"5,103"
HA81A,300,"Sprains, Strains or Minor Open Wounds, with Major CC","2,191","9,759",.,454,"6,208","1,808",.,.,"2,630",.,773,.,"19,289",.,"1,506",.,"26,409","71,028"
HA81A,301,"Sprains, Strains or Minor Open Wounds, with Major CC",.,748,.,.,.,.,.,.,.,.,.,.,.,.,.,.,.,748
HA81A,340,"Sprains, Strains or Minor Open Wounds, with Major CC",.,.,.,.,.,.,.,.,.,.,.,.,466,.,.,.,.,466
HA81A,400,"Sprains, Strains or Minor Open Wounds, with Major CC",.,.,.,.,.,.,.,.,.,.,.,.,799,.,.,.,.,799
HA81A,430,"Sprains, Strains or Minor Open Wounds, with Major CC",368,"1,852",997,.,"2,900",.,.,.,.,.,.,.,"8,498",.,.,.,.,"14,615"
HA81B,100,"Sprains, Strains or Minor Open Wounds, with Intermediate CC","1,827","1,356",.,573,.,.,.,.,.,.,525,.,"2,662",.,"1,973",.,455,"9,371"
HA81B,101,"Sprains, Strains or Minor Open Wounds, with Intermediate CC",.,.,675,.,.,.,.,.,.,.,.,.,.,.,.,.,.,675
HA81B,110,"Sprains, Strains or Minor Open Wounds, with Intermediate CC",519,.,.,.,.,.,.,.,.,.,.,.,"1,835",.,.,.,400,"2,755"
HA81B,160,"Sprains, Strains or Minor Open Wounds, with Intermediate CC",.,.,.,.,.,.,.,.,.,.,.,.,.,.,.,.,"2,496","2,496"
HA81B,180,"Sprains, Strains or Minor Open Wounds, with Intermediate CC",.,"4,111",.,.,"7,154",.,.,.,.,.,.,.,"1,530",.,.,.,.,"12,795"
HA81B,300,"Sprains, Strains or Minor Open Wounds, with Intermediate CC",877,"2,846",.,.,"4,575",301,528,.,752,.,"1,078",.,"31,274",.,.,.,"11,370","53,601"
HA81B,303,"Sprains, Strains or Minor Open Wounds, with Intermediate CC",555,.,712,.,.,.,.,.,.,.,.,.,.,.,.,.,.,"1,267"
HA81B,320,"Sprains, Strains or Minor Open Wounds, with Intermediate CC",.,422,"1,136",.,.,.,.,.,.,.,453,.,.,.,.,.,.,"2,012"
HA81B,361,"Sprains, Strains or Minor Open Wounds, with Intermediate CC",.,.,.,.,.,409,.,.,.,.,.,.,.,.,.,.,.,409
HA81B,430,"Sprains, Strains or Minor Open Wounds, with Intermediate CC",.,"2,963",.,.,"1,450",.,.,.,.,.,.,.,"22,224",.,.,.,597,"27,235"
HA81C,100,"Sprains, Strains or Minor Open Wounds, without CC","13,703","7,376",.,"6,441","15,149","5,139",.,.,.,.,"3,152",.,"5,479",.,"9,107",.,"4,091","69,636"
HA81C,101,"Sprains, Strains or Minor Open Wounds, without CC",565,.,"2,024",.,.,.,.,.,.,.,.,.,.,.,.,.,"1,155","3,744"
HA81C,110,"Sprains, Strains or Minor Open Wounds, without CC","4,902",.,.,.,"1,868",.,.,"1,796",.,.,.,.,"7,361",.,.,.,"6,315","22,243"
HA81C,160,"Sprains, Strains or Minor Open Wounds, without CC",.,.,.,.,.,.,.,.,.,.,.,.,.,.,.,.,"41,787","41,787"
HA81C,180,"Sprains, Strains or Minor Open Wounds, without CC",.,"49,327",.,.,"66,176",.,.,.,.,.,"4,266",.,"27,853",.,.,.,.,"147,622"
HA81C,300,"Sprains, Strains or Minor Open Wounds, without CC","7,889","11,385","2,020",907,"9,476","2,109","3,771",.,"4,509",.,"5,865",.,"53,668",.,"2,511",.,"11,737","115,848"
HA81C,301,"Sprains, Strains or Minor Open Wounds, without CC",.,748,.,.,.,.,.,.,.,.,.,.,.,.,.,.,.,748
HA81C,303,"Sprains, Strains or Minor Open Wounds, without CC",555,.,.,.,.,.,.,.,.,.,.,.,.,.,.,.,.,555
HA81C,320,"Sprains, Strains or Minor Open Wounds, without CC",.,422,.,"1,094",.,.,.,.,.,.,.,.,611,.,.,.,456,"2,583"
HA81C,340,"Sprains, Strains or Minor Open Wounds, without CC",.,.,.,.,.,.,.,.,.,.,.,.,932,.,.,.,.,932
HA81C,430,"Sprains, Strains or Minor Open Wounds, without CC",.,"4,075","1,995",.,"1,813",.,.,.,.,.,"1,551",.,"43,795",.,.,.,.,"53,228"
HA81C,501,"Sprains, Strains or Minor Open Wounds, without CC",.,.,.,.,"2,817","3,038",.,.,.,.,.,.,479,.,.,.,"1,460","7,795"
HA81C,502,"Sprains, Strains or Minor Open Wounds, without CC",.,.,.,.,730,.,.,.,.,.,.,.,.,.,.,.,.,730
HA83A,100,Head Injury with Major CC,.,.,.,.,.,395,.,.,.,.,.,.,388,.,.,.,.,783
HA83A,180,Head Injury with Major CC,.,"1,827",.,.,.,.,.,.,.,.,449,.,"1,836",.,.,.,.,"4,112"
HA83A,300,Head Injury with Major CC,877,"2,846",404,907,"2,287",603,528,.,.,.,"1,026",.,"11,969",.,.,.,"3,668","25,114"
HA83A,301,Head Injury with Major CC,.,.,.,.,675,.,.,.,.,.,.,.,.,.,.,.,.,675
HA83A,303,Head Injury with Major CC,.,.,712,.,.,.,.,.,.,.,.,.,.,.,.,.,.,712
HA83A,340,Head Injury with Major CC,.,.,465,.,.,.,.,.,.,.,.,.,.,.,.,.,.,465
HA83A,430,Head Injury with Major CC,.,"1,111",.,.,725,.,.,.,.,.,.,.,"7,190",.,.,.,298,"9,325"
HA83B,100,Head Injury with Intermediate CC,"2,284","1,808",.,"2,863","3,943","1,581",.,.,.,.,"1,576",.,"1,552",.,.,.,.,"15,607"
HA83B,101,Head Injury with Intermediate CC,.,.,.,.,420,.,.,.,.,.,.,.,.,.,.,.,.,420
HA83B,180,Head Injury with Intermediate CC,.,"11,875",.,.,"6,260",.,.,.,.,.,"1,347",.,"5,203",.,.,.,.,"24,685"
HA83B,300,Head Injury with Intermediate CC,438,"2,846",.,907,980,301,.,.,.,.,"1,078",.,"8,880",.,.,.,"4,035","19,467"
HA83B,320,Head Injury with Intermediate CC,.,422,.,.,.,.,.,.,.,.,.,.,.,.,.,.,.,422
HA83B,340,Head Injury with Intermediate CC,.,.,.,.,.,.,.,.,.,.,.,.,466,.,.,.,.,466
HA83B,430,Head Injury with Intermediate CC,368,370,.,.,363,.,.,.,.,.,.,.,"6,537",.,.,.,.,"7,638"
HA83C,100,Head Injury without CC,"10,964","2,260",.,"6,298","17,961","9,091",.,.,.,.,"9,457",.,"9,371",.,.,.,909,"66,311"
HA83C,110,Head Injury without CC,519,.,.,.,.,.,.,.,.,.,.,.,"1,223",.,.,.,.,"1,743"
HA83C,120,Head Injury without CC,.,.,.,.,378,.,.,.,.,.,.,.,.,.,.,.,.,378
HA83C,140,Head Injury without CC,.,.,.,.,.,.,.,.,.,.,.,.,.,.,.,.,599,599
HA83C,180,Head Injury without CC,.,"83,126",.,.,"25,040",.,.,.,.,.,"12,797",.,"52,952",.,.,.,.,"173,914"
HA83C,300,Head Injury without CC,"1,753","7,319",.,454,980,603,.,.,.,.,"4,118",.,"13,900",.,502,.,"7,703","37,331"
HA83C,301,Head Injury without CC,.,374,.,.,.,.,.,.,.,.,.,.,.,.,.,.,.,374
HA83C,320,Head Injury without CC,.,.,.,.,.,.,.,.,.,.,453,.,.,.,.,.,.,453
HA83C,430,Head Injury without CC,737,"1,482",.,.,.,.,.,.,.,.,.,.,"5,883",.,.,.,.,"8,101"
HA91Z,100,Hip Trauma Diagnosis without Procedure,914,.,.,"16,030",876,"9,487",.,.,.,.,.,.,"1,552",.,"20,708",.,.,"49,567"
HA91Z,110,Hip Trauma Diagnosis without Procedure,"44,667",.,.,.,"27,279",.,.,"4,863",.,.,.,.,"6,728",.,.,.,"22,820","106,358"
HA91Z,180,Hip Trauma Diagnosis without Procedure,.,"5,481",.,.,"9,837",.,.,.,.,.,.,.,612,.,.,.,.,"15,930"
HA91Z,300,Hip Trauma Diagnosis without Procedure,"4,821","16,671","2,424","4,536","9,476","2,712","1,055",.,752,.,773,.,"22,008",.,"1,506",.,"12,104","78,837"
HA91Z,361,Hip Trauma Diagnosis without Procedure,.,.,"4,224",.,.,.,.,.,.,.,.,.,.,.,.,.,.,"4,224"
HA91Z,430,Hip Trauma Diagnosis without Procedure,368,"6,668","2,992",.,"3,625","1,758",.,.,.,360,388,.,"16,995",814,.,.,.,"33,968"
HA92Z,100,Knee Trauma Diagnosis without Procedure,.,.,.,"6,298",.,791,.,.,.,.,.,.,388,.,"1,294",.,.,"8,771"
HA92Z,110,Knee Trauma Diagnosis without Procedure,"27,008",.,.,.,"11,110",.,.,"6,078",.,.,.,.,"9,175",.,.,.,"7,206","60,578"
HA92Z,180,Knee Trauma Diagnosis without Procedure,.,"4,567",.,.,"3,577",.,.,.,.,.,225,.,306,.,.,.,.,"8,675"
HA92Z,300,Knee Trauma Diagnosis without Procedure,"1,315","1,220",.,.,"1,307",301,.,.,.,.,305,.,"3,089",.,502,.,"3,301","11,340"
HA92Z,430,Knee Trauma Diagnosis without Procedure,.,370,499,.,725,"1,407",.,.,.,.,388,.,.,.,644,.,.,"4,032"
HA92Z,501,Knee Trauma Diagnosis without Procedure,.,955,.,.,.,.,.,.,.,.,.,.,.,.,.,.,.,955
HA93Z,100,Foot Trauma Diagnosis without Procedure,914,.,.,"1,718",.,.,.,.,.,.,.,.,.,.,647,.,.,"3,278"
HA93Z,110,Foot Trauma Diagnosis without Procedure,"18,179",.,.,.,"4,484",.,.,"2,431",.,.,.,.,"12,190",.,.,.,"5,605","42,889"
HA93Z,180,Foot Trauma Diagnosis without Procedure,.,"4,111",.,.,"10,731",.,.,.,.,.,225,.,"1,530",.,.,.,.,"16,597"
HA93Z,300,Foot Trauma Diagnosis without Procedure,"1,315","2,846",404,454,980,904,.,.,"1,127",.,"1,465",.,"5,019",.,.,.,"3,668","18,182"
HA93Z,361,Foot Trauma Diagnosis without Procedure,.,.,704,.,.,.,.,.,.,.,.,.,.,.,.,.,.,704
HA93Z,430,Foot Trauma Diagnosis without Procedure,.,"2,223",499,.,363,.,.,.,366,.,388,.,"2,615",.,.,.,298,"6,750"
HA94Z,100,Arm Trauma Diagnosis without Procedure,914,.,.,"1,145",876,"2,631",.,.,.,.,.,.,388,.,"3,883",.,455,"10,291"
HA94Z,110,Arm Trauma Diagnosis without Procedure,"22,497",.,.,.,"22,041",.,.,608,.,.,.,.,"19,431",.,.,.,"14,983","79,560"
HA94Z,180,Arm Trauma Diagnosis without Procedure,.,"20,096",.,.,"43,819",.,.,.,.,.,"6,020",.,"25,405",.,.,.,.,"95,340"
HA94Z,300,Arm Trauma Diagnosis without Procedure,"1,753","8,132",404,.,"2,941","1,205",.,.,"2,136",.,"2,653",.,"21,617",.,.,.,"17,239","58,081"
HA94Z,430,Arm Trauma Diagnosis without Procedure,"1,473","4,816","1,496",.,"1,088",.,823,.,.,360,388,.,"20,917",.,644,.,597,"32,601"
HA95Z,100,Hand Trauma Diagnosis without Procedure,.,.,.,.,438,395,.,.,.,.,.,.,.,.,"1,294",.,.,"2,128"
HA95Z,110,Hand Trauma Diagnosis without Procedure,"2,597",.,.,.,"4,484",.,.,.,.,.,.,.,"2,532",.,.,.,"2,326","11,939"
HA95Z,160,Hand Trauma Diagnosis without Procedure,.,.,.,.,.,.,.,.,.,.,.,.,.,.,.,.,"3,431","3,431"
HA95Z,180,Hand Trauma Diagnosis without Procedure,.,"3,654",.,.,"7,154",.,.,.,.,.,.,.,"2,449",.,.,.,.,"13,257"
HA95Z,300,Hand Trauma Diagnosis without Procedure,.,"1,220",.,454,.,301,.,.,376,.,.,.,"2,317",.,.,.,367,"5,034"
HA95Z,320,Hand Trauma Diagnosis without Procedure,689,.,.,.,.,.,.,.,.,.,.,.,.,.,.,.,.,689
HA95Z,430,Hand Trauma Diagnosis without Procedure,.,.,.,.,.,.,.,.,.,.,388,.,"5,229",.,.,.,.,"5,617"
HA96Z,100,Multiple Trauma Diagnoses without Procedure,.,.,.,.,.,395,.,.,.,.,.,.,.,.,.,.,.,395
HA96Z,110,Multiple Trauma Diagnoses without Procedure,"2,597",.,.,.,374,.,.,.,.,.,.,.,.,.,.,.,400,"3,371"
HA96Z,180,Multiple Trauma Diagnoses without Procedure,.,457,.,.,"1,789",.,.,.,.,.,.,.,.,.,.,.,.,"2,245"
HA96Z,300,Multiple Trauma Diagnoses without Procedure,.,407,404,.,327,301,.,.,.,.,.,.,"3,475",.,.,.,"3,301","8,215"
HA96Z,430,Multiple Trauma Diagnoses without Procedure,.,370,.,.,.,352,.,.,.,.,.,.,"1,961",.,.,.,.,"2,683"
HA97Z,100,Other Trauma Diagnosis without Procedure,"3,655","3,164",.,"2,863","6,133","1,976",.,.,.,.,"1,576",.,"1,110",.,"1,941",.,909,"23,327"
HA97Z,120,Other Trauma Diagnosis without Procedure,.,.,.,.,.,.,.,.,.,.,.,.,512,.,.,.,.,512
HA97Z,170,Other Trauma Diagnosis without Procedure,.,.,.,.,.,.,.,.,.,.,.,.,644,.,.,.,.,644
HA97Z,172,Other Trauma Diagnosis without Procedure,.,.,.,.,.,.,.,.,.,.,.,.,"2,395",.,.,.,.,"2,395"
HA97Z,180,Other Trauma Diagnosis without Procedure,.,"5,024",.,.,"6,260",.,.,.,.,.,449,.,"2,755",.,.,.,.,"14,488"
HA97Z,300,Other Trauma Diagnosis without Procedure,"1,753","4,879",808,454,654,301,.,.,376,.,334,.,"8,880",.,"1,506",.,"7,336","27,281"
HA97Z,320,Other Trauma Diagnosis without Procedure,.,845,.,.,.,.,.,.,.,.,453,.,611,.,.,552,.,"2,460"
HA97Z,430,Other Trauma Diagnosis without Procedure,.,370,.,.,363,.,.,.,.,.,388,.,"1,307",.,.,.,895,"3,323"
HA97Z,502,Other Trauma Diagnosis without Procedure,.,.,569,.,.,.,.,.,.,.,.,.,.,.,.,.,.,569
HB11C,110,"Major Hip Procedures for Non-Trauma, Category 2, without CC",.,.,.,.,.,.,.,.,.,.,.,.,"4,006",.,.,.,.,"4,006"
HB12A,110,"Major Hip Procedures for Non-Trauma, Category 1, with Major CC",.,.,.,.,.,.,.,.,.,.,.,.,"1,475",.,.,.,.,"1,475"
HB12B,110,"Major Hip Procedures for Non-Trauma, Category 1, with Intermediate CC",.,.,.,.,.,.,.,.,.,.,.,.,.,.,.,.,"1,931","1,931"
HB12C,110,"Major Hip Procedures for Non-Trauma, Category 1, without CC",.,.,.,.,.,.,.,.,.,.,.,.,"6,324",.,.,.,"11,127","17,451"
HB13Z,110,"Intermediate Hip Procedures for Non-Trauma, Category 2","1,859",.,.,.,.,.,.,.,.,.,.,.,.,.,.,.,.,"1,859"
HB14B,110,"Intermediate Hip Procedures for Non-Trauma, Category 1, with CC",.,.,.,.,"3,584",.,.,.,.,.,.,.,"1,585",.,.,.,"2,467","7,635"
HB14C,110,"Intermediate Hip Procedures for Non-Trauma, Category 1, without CC","7,435",.,.,.,"3,807",.,.,.,.,.,.,.,"4,452",.,.,.,"2,467","18,160"
HB14C,160,"Intermediate Hip Procedures for Non-Trauma, Category 1, without CC",.,.,.,.,.,.,.,.,.,.,.,.,"11,314",.,.,.,.,"11,314"
HB14C,180,"Intermediate Hip Procedures for Non-Trauma, Category 1, without CC",.,.,.,.,.,.,.,.,.,.,.,.,968,.,.,.,.,968
HB14C,300,"Intermediate Hip Procedures for Non-Trauma, Category 1, without CC",438,.,.,.,.,.,.,.,.,.,.,.,.,.,.,.,.,438
HB15D,110,"Minor Hip Procedures for Non-Trauma, Category 2, 19 years and over with CC",.,.,.,.,.,.,.,"1,301",.,.,.,.,.,.,.,.,"1,233","2,534"
HB15D,300,"Minor Hip Procedures for Non-Trauma, Category 2, 19 years and over with CC",.,.,.,.,.,.,.,.,.,.,.,.,406,.,.,.,.,406
HB15E,110,"Minor Hip Procedures for Non-Trauma, Category 2, 19 years and over without CC",.,.,.,.,.,.,.,"1,909",.,.,.,.,.,.,.,.,.,"1,909"
HB15E,300,"Minor Hip Procedures for Non-Trauma, Category 2, 19 years and over without CC",.,813,.,.,.,.,.,.,.,.,.,.,.,.,.,.,.,813
HB15G,110,"Minor Hip Procedures for Non-Trauma, Category 2, 18 years and under without CC","2,752",.,.,.,.,.,.,.,.,.,.,.,"2,294",.,.,.,.,"5,046"
HB16C,110,"Minor Hip Procedures for Non-Trauma, Category 1, without CC",.,.,.,.,.,.,.,"3,439",.,.,.,.,.,.,.,.,.,"3,439"
HB16C,300,"Minor Hip Procedures for Non-Trauma, Category 1, without CC",.,.,.,.,.,.,.,.,.,.,.,.,.,.,.,.,"1,048","1,048"
HB19Z,110,Minimal Hip Procedures for Non-Trauma,.,.,.,.,.,.,.,"2,099",.,.,.,.,.,.,.,.,.,"2,099"
HB19Z,361,Minimal Hip Procedures for Non-Trauma,521,.,.,.,.,.,.,.,.,.,.,.,.,.,.,.,.,521
HB23B,110,"Intermediate Knee Procedures for Non-Trauma, with CC",.,.,.,.,"1,678",.,.,.,.,.,.,.,"4,041",.,.,.,.,"5,719"
HB23B,300,"Intermediate Knee Procedures for Non-Trauma, with CC",438,407,436,.,.,.,.,.,.,.,.,.,406,.,502,.,.,"2,189"
HB23C,110,"Intermediate Knee Procedures for Non-Trauma, without CC","4,610",.,.,.,"11,396",.,.,.,.,.,.,.,.,.,.,.,.,"16,006"
HB23C,300,"Intermediate Knee Procedures for Non-Trauma, without CC",.,407,.,.,.,.,.,.,.,.,.,.,.,.,.,.,.,407
HB24B,300,"Minor Knee Procedures for Non-Trauma, Category 2, with CC",438,407,436,454,.,904,.,.,.,.,.,.,"3,251",.,.,.,"1,275","7,163"
HB24B,320,"Minor Knee Procedures for Non-Trauma, Category 2, with CC",.,.,.,.,.,358,.,.,.,.,.,.,.,.,.,.,.,358
HB24B,410,"Minor Knee Procedures for Non-Trauma, Category 2, with CC",.,.,.,.,"1,213",.,.,.,.,.,.,.,.,.,.,.,.,"1,213"
HB24B,430,"Minor Knee Procedures for Non-Trauma, Category 2, with CC",.,.,488,.,.,.,.,.,.,.,.,.,.,.,.,.,.,488
HB24C,110,"Minor Knee Procedures for Non-Trauma, Category 2, without CC","3,718",.,.,.,.,.,.,.,.,.,.,.,699,.,.,.,.,"4,416"
HB24C,180,"Minor Knee Procedures for Non-Trauma, Category 2, without CC",.,.,.,.,.,.,.,.,.,.,484,.,.,.,.,.,.,484
HB24C,300,"Minor Knee Procedures for Non-Trauma, Category 2, without CC",877,"2,846",.,.,"1,634",.,.,.,.,.,.,.,"2,844",.,.,.,.,"8,201"
HB24C,410,"Minor Knee Procedures for Non-Trauma, Category 2, without CC",.,395,.,.,"1,213",.,.,714,.,.,.,.,.,.,.,.,.,"2,322"
HB24C,430,"Minor Knee Procedures for Non-Trauma, Category 2, without CC",.,.,.,.,.,.,.,.,.,.,.,.,"1,234",.,.,.,.,"1,234"
HB25D,110,"Minor Knee Procedures for Non-Trauma, Category 1, 19 years and over, with Major CC","1,859",.,.,.,.,.,.,.,.,.,.,.,"5,187",.,.,.,.,"7,046"
HB25F,110,"Minor Knee Procedures for Non-Trauma, Category 1, 19 years and over, without CC","3,718",.,.,.,"3,884",.,.,.,.,.,.,.,"1,273",.,.,.,.,"8,874"
HB25J,110,"Minor Knee Procedures for Non-Trauma, Category 1, 18 years and under, without CC","1,859",.,.,.,"1,106",.,.,.,.,.,.,.,.,.,.,.,.,"2,965"
HB29Z,300,Minimal Knee Procedures for Non-Trauma,.,407,400,.,654,.,.,.,.,.,.,.,.,.,.,.,821,"2,281"
HB29Z,330,Minimal Knee Procedures for Non-Trauma,328,.,.,.,.,.,.,.,.,.,.,.,.,.,.,.,.,328
HB29Z,410,Minimal Knee Procedures for Non-Trauma,.,.,.,.,"1,213",.,.,.,.,.,.,.,.,.,.,.,.,"1,213"
HB33E,110,"Intermediate Foot Procedures for Non-Trauma, Category 1, 19 years and over, without CC","1,859",.,.,.,.,.,.,.,.,.,.,.,.,.,.,.,.,"1,859"
HB34D,300,"Minor Foot Procedures for Non-Trauma, Category 2, 19 years and over, with CC",.,.,.,.,327,.,.,.,.,.,.,.,.,.,.,.,.,327
HB34E,110,"Minor Foot Procedures for Non-Trauma, Category 2, 19 years and over, without CC","5,576",.,.,.,"8,821",.,.,.,.,.,.,.,.,.,.,.,.,"14,397"
HB34F,110,"Minor Foot Procedures for Non-Trauma, Category 2, 18 years and under, with CC",.,.,.,.,.,.,.,.,.,.,.,.,"1,980",.,.,.,.,"1,980"
HB34G,110,"Minor Foot Procedures for Non-Trauma, Category 2, 18 years and under, without CC",.,.,.,.,949,.,.,.,.,.,.,.,.,.,.,.,.,949
HB35B,300,"Minor Foot Procedures for Non-Trauma, Category 1, with CC",.,.,.,.,.,.,.,.,.,.,.,.,406,.,.,.,.,406
HB35C,300,"Minor Foot Procedures for Non-Trauma, Category 1, without CC",.,.,.,.,327,.,.,.,.,.,.,.,.,.,.,.,.,327
HB53Z,160,"Intermediate Hand Procedures for Non-Trauma, Category 2",.,.,.,.,.,.,.,.,.,.,.,.,.,.,.,.,"7,577","7,577"
HB54B,110,"Intermediate Hand Procedures for Non-Trauma, Category 1, with CC","1,859",.,.,.,.,.,.,.,.,.,.,.,.,.,.,.,.,"1,859"
HB54C,110,"Intermediate Hand Procedures for Non-Trauma, Category 1, without CC",.,.,.,.,"3,690",.,.,.,.,.,.,.,.,.,.,.,.,"3,690"
HB54C,160,"Intermediate Hand Procedures for Non-Trauma, Category 1, without CC",.,.,.,.,.,.,.,.,.,.,.,.,.,.,.,.,"22,920","22,920"
HB54C,300,"Intermediate Hand Procedures for Non-Trauma, Category 1, without CC",.,.,.,.,.,.,.,.,.,.,.,.,.,.,.,.,"1,275","1,275"
HB55B,110,"Minor Hand Procedures for Non-Trauma, Category 2, with CC",.,.,.,.,"1,280",.,.,.,.,.,.,.,.,.,.,.,"1,233","2,513"
HB55B,160,"Minor Hand Procedures for Non-Trauma, Category 2, with CC",.,.,.,.,.,.,.,.,.,.,.,.,.,.,.,.,"1,395","1,395"
HB55B,300,"Minor Hand Procedures for Non-Trauma, Category 2, with CC",.,.,.,.,.,.,.,.,.,.,406,.,406,.,.,.,.,812
HB55C,110,"Minor Hand Procedures for Non-Trauma, Category 2, without CC","5,130",.,.,.,"9,663",.,.,.,.,.,.,.,.,.,.,.,.,"14,793"
HB55C,160,"Minor Hand Procedures for Non-Trauma, Category 2, without CC",.,.,.,.,.,.,.,.,.,.,.,.,.,.,.,.,"24,126","24,126"
HB55C,180,"Minor Hand Procedures for Non-Trauma, Category 2, without CC",.,.,.,.,.,.,.,.,.,.,727,.,.,.,.,.,.,727
HB55C,300,"Minor Hand Procedures for Non-Trauma, Category 2, without CC",.,813,.,.,.,.,.,.,.,.,.,.,.,.,.,.,.,813
HB56C,110,"Minor Hand Procedures for Non-Trauma, Category 1, without CC","2,825",.,.,.,925,.,.,.,.,.,.,.,.,.,.,.,.,"3,750"
HB56C,160,"Minor Hand Procedures for Non-Trauma, Category 1, without CC",.,.,.,.,.,.,.,.,.,.,.,.,.,.,.,.,"5,956","5,956"
HB61C,110,"Major, Shoulder or Upper Arm Procedures for Non-Trauma, without CC",.,.,.,.,"3,086",.,.,.,.,.,.,.,.,.,.,.,.,"3,086"
HB61C,160,"Major, Shoulder or Upper Arm Procedures for Non-Trauma, without CC",.,.,.,.,.,.,.,.,.,.,.,.,.,.,.,.,"1,847","1,847"
HB62C,110,"Intermediate, Shoulder or Upper Arm Procedures for Non-Trauma, without CC",.,.,.,.,"10,619",.,.,.,.,.,.,.,.,.,.,.,.,"10,619"
HB63Z,110,"Minor, Shoulder or Upper Arm Procedures for Non-Trauma",.,.,.,.,912,.,.,.,.,.,.,.,.,.,.,.,.,912
HB63Z,300,"Minor, Shoulder or Upper Arm Procedures for Non-Trauma",.,407,.,.,327,301,.,.,.,.,.,.,.,.,.,.,.,"1,035"
HB63Z,410,"Minor, Shoulder or Upper Arm Procedures for Non-Trauma",.,.,.,.,.,.,.,714,.,.,.,.,.,.,.,.,.,714
HB69Z,300,"Minimal, Shoulder or Upper Arm Procedures for Non-Trauma",.,.,400,.,.,.,.,.,.,.,.,.,.,.,.,.,.,400
HB69Z,430,"Minimal, Shoulder or Upper Arm Procedures for Non-Trauma",.,.,.,.,.,.,.,.,.,.,.,.,"1,198",.,.,.,.,"1,198"
HB72Z,110,"Intermediate, Elbow or Lower Arm Procedures for Non-Trauma","3,718",.,.,.,"1,290",.,.,.,.,.,.,.,.,.,.,.,.,"5,008"
HB73Z,300,"Minor, Elbow or Lower Arm Procedures for Non-Trauma",438,.,.,.,.,.,.,.,.,.,814,.,813,.,.,.,.,"2,065"
HB73Z,410,"Minor, Elbow or Lower Arm Procedures for Non-Trauma",.,.,.,.,"1,213",.,.,.,.,.,.,.,.,.,.,.,.,"1,213"
HB79Z,300,"Minimal, Elbow or Lower Arm Procedures for Non-Trauma",438,.,.,.,.,.,.,.,.,.,.,.,.,.,.,.,821,"1,259"
HB91Z,100,Other Non-Trauma Diagnosis without Procedure,.,.,.,"1,145",.,"1,581",.,.,.,.,.,.,.,.,.,.,.,"2,726"
HB91Z,110,Other Non-Trauma Diagnosis without Procedure,"4,155",.,.,.,"2,616",.,.,"6,078",.,.,.,.,"2,447",.,.,.,"4,327","19,623"
HB91Z,180,Other Non-Trauma Diagnosis without Procedure,.,"5,024",.,.,"2,683",.,.,.,.,.,.,.,"1,530",.,.,.,.,"9,237"
HB91Z,300,Other Non-Trauma Diagnosis without Procedure,877,"1,626",404,.,654,.,.,.,.,.,.,.,"1,931",.,.,.,734,"6,225"
HB91Z,430,Other Non-Trauma Diagnosis without Procedure,.,370,.,.,725,.,.,.,.,.,.,.,654,.,.,.,.,"1,749"
HB99Z,100,Other Procedures for Non-Trauma,.,.,.,"1,517",.,.,.,.,.,.,.,.,.,.,.,.,.,"1,517"
HB99Z,110,Other Procedures for Non-Trauma,"2,825",.,.,.,"2,948",.,.,.,.,.,.,.,.,.,.,.,"1,233","7,006"
HB99Z,140,Other Procedures for Non-Trauma,.,.,.,.,.,.,.,.,.,.,.,.,.,.,.,.,"1,962","1,962"
HB99Z,160,Other Procedures for Non-Trauma,.,.,.,.,.,.,.,.,.,.,.,.,.,.,.,.,"10,721","10,721"
HB99Z,300,Other Procedures for Non-Trauma,877,.,.,.,.,.,.,.,.,.,.,.,.,.,.,.,"4,190","5,067"
HB99Z,303,Other Procedures for Non-Trauma,"1,110",.,.,.,.,.,.,.,.,.,.,.,.,.,.,.,.,"1,110"
HB99Z,410,Other Procedures for Non-Trauma,.,.,.,.,.,.,.,714,.,.,.,.,.,.,.,.,.,714
HC01C,110,Extradural Spine Major 2 with CC Score 0-1,.,.,.,.,.,.,.,.,.,.,.,.,"9,081",.,.,.,.,"9,081"
HC02D,110,Extradural Spine Major 1 with CC Score 5+,.,.,.,.,.,.,.,.,.,.,.,.,"2,906",.,.,.,.,"2,906"
HC02E,110,Extradural Spine Major 1 with CC Score 2-4,.,.,.,.,.,.,.,.,.,.,.,.,"10,118",.,.,.,.,"10,118"
HC02F,110,Extradural Spine Major 1 with CC Score 0-1,.,.,.,.,.,.,.,.,.,.,.,.,"7,538",.,.,.,.,"7,538"
HC03F,110,Extradural Spine Intermediate 2 with CC Score 0-2,.,.,.,.,.,.,.,.,.,.,.,.,"8,046",.,.,.,.,"8,046"
HC04F,110,Extradural Spine Intermediate 1 with CC Score 0-1,.,.,.,.,.,.,.,.,.,.,.,.,"12,484",.,.,.,.,"12,484"
HC05F,110,Extradural Spine Minor 2 with CC Score 0-1,.,.,.,.,.,.,.,"4,106",.,.,.,.,.,.,.,.,.,"4,106"
HC06Z,110,Extradural Spine Minor 1,"1,412",.,.,.,.,.,.,.,.,.,.,.,.,.,.,.,.,"1,412"
HC07A,110,Intradural Spine Major with CC Score 3+,.,.,.,.,.,.,.,.,.,.,.,.,"9,933",.,.,.,.,"9,933"
HC07B,150,Intradural Spine Major with CC Score 0-2,.,.,.,.,.,.,.,.,.,.,.,.,"27,064",.,.,.,.,"27,064"
HC07B,171,Intradural Spine Major with CC Score 0-2,.,.,.,.,.,.,.,.,.,.,.,.,"3,583",.,.,.,.,"3,583"
HC07B,300,Intradural Spine Major with CC Score 0-2,.,407,.,.,.,.,.,.,.,.,.,.,.,.,.,.,.,407
HC07B,421,Intradural Spine Major with CC Score 0-2,.,.,.,.,.,.,.,.,.,.,.,.,"5,228",.,.,.,.,"5,228"
HC11Z,300,Intradural Spine Minor 2,438,.,.,.,.,.,.,.,.,.,.,.,.,.,.,.,.,438
HC12Z,100,Intradural Spine Minor 1,"1,598",.,.,.,.,.,.,.,.,.,.,.,368,.,.,.,.,"1,966"
HC12Z,110,Intradural Spine Minor 1,.,.,.,.,.,.,.,.,.,.,.,.,"1,026",.,.,.,.,"1,026"
HC12Z,150,Intradural Spine Minor 1,.,.,.,.,.,.,.,.,.,.,.,.,"3,467",.,.,.,.,"3,467"
HC12Z,180,Intradural Spine Minor 1,.,"1,827",.,.,"1,789",.,.,.,.,.,206,.,662,.,.,.,.,"4,483"
HC12Z,300,Intradural Spine Minor 1,"41,200","35,654","1,200","11,991","11,110","4,821","13,606",.,"8,428",.,"16,629",.,"54,935",.,"23,601",.,"78,569","301,743"
HC12Z,301,Intradural Spine Minor 1,.,374,.,.,.,.,.,.,.,.,.,.,.,.,.,.,.,374
HC12Z,303,Intradural Spine Minor 1,.,357,.,.,.,.,.,.,.,.,.,.,.,.,.,.,.,357
HC12Z,320,Intradural Spine Minor 1,.,.,.,"2,735",.,716,.,.,.,.,.,.,.,.,.,.,.,"3,451"
HC12Z,350,Intradural Spine Minor 1,.,.,.,.,.,.,.,.,.,.,.,.,"1,576",.,.,.,.,"1,576"
HC12Z,400,Intradural Spine Minor 1,.,.,.,.,.,.,.,.,.,.,.,.,"1,080",.,.,.,.,"1,080"
HC12Z,420,Intradural Spine Minor 1,762,"1,219",.,.,"3,470",734,.,.,.,.,.,.,"3,947",.,.,.,.,"10,132"
HC12Z,421,Intradural Spine Minor 1,.,.,.,.,.,.,.,.,.,.,.,.,"2,128",.,.,.,.,"2,128"
HC12Z,430,Intradural Spine Minor 1,.,"1,111",.,.,725,.,.,.,.,.,"1,863",.,"8,385",.,"1,931",.,.,"14,015"
HC12Z,501,Intradural Spine Minor 1,.,.,.,.,.,.,.,.,.,.,.,.,.,.,.,.,"1,115","1,115"
HC20D,300,"Vertebral Column Injury without Procedure, with CC Score 6+",877,"2,033",.,.,.,.,.,.,.,.,.,.,386,.,502,.,"4,401","8,199"
HC20D,430,"Vertebral Column Injury without Procedure, with CC Score 6+",.,370,.,.,.,.,.,.,.,.,.,.,.,.,.,.,.,370
HC20E,100,"Vertebral Column Injury without Procedure, with CC Score 3-5",.,.,.,.,.,"1,581",.,.,.,.,.,.,.,.,.,.,.,"1,581"
HC20E,110,"Vertebral Column Injury without Procedure, with CC Score 3-5",.,.,.,.,.,.,.,.,.,.,.,.,.,.,.,.,400,400
HC20E,180,"Vertebral Column Injury without Procedure, with CC Score 3-5",.,457,.,.,.,.,.,.,.,.,.,.,.,.,.,.,.,457
HC20E,300,"Vertebral Column Injury without Procedure, with CC Score 3-5",438,"4,473",808,454,654,.,.,.,.,.,.,.,"3,475",.,.,.,"2,568","12,869"
HC20E,340,"Vertebral Column Injury without Procedure, with CC Score 3-5",.,.,.,.,.,714,.,.,.,.,.,.,466,.,.,.,.,"1,180"
HC20E,430,"Vertebral Column Injury without Procedure, with CC Score 3-5",.,741,"1,496",.,.,"1,055",.,.,.,.,.,.,"1,961",.,.,.,.,"5,253"
HC20F,100,"Vertebral Column Injury without Procedure, with CC Score 1-2",457,.,.,.,.,.,.,.,.,.,.,.,.,.,647,.,.,"1,104"
HC20F,110,"Vertebral Column Injury without Procedure, with CC Score 1-2","2,078",.,.,.,374,.,.,.,.,.,.,.,"3,058",.,.,.,.,"5,510"
HC20F,170,"Vertebral Column Injury without Procedure, with CC Score 1-2",.,.,.,.,.,.,.,.,.,.,.,.,779,.,.,.,.,779
HC20F,180,"Vertebral Column Injury without Procedure, with CC Score 1-2",.,913,.,.,"4,471",.,.,.,.,.,225,.,.,.,.,.,.,"5,609"
HC20F,300,"Vertebral Column Injury without Procedure, with CC Score 1-2",438,"1,626",404,454,"1,634",.,.,.,752,.,387,.,"2,317",.,"1,506",.,"4,401","13,919"
HC20F,430,"Vertebral Column Injury without Procedure, with CC Score 1-2",.,"1,111",.,.,363,.,.,.,.,.,.,.,"1,961",.,.,.,.,"3,435"
HC20G,100,"Vertebral Column Injury without Procedure, with CC Score 0",.,.,.,"1,145",438,791,.,.,.,.,.,.,.,.,"2,589",.,.,"4,962"
HC20G,110,"Vertebral Column Injury without Procedure, with CC Score 0",519,.,.,.,.,.,.,"1,216",.,.,.,.,"3,058",.,.,.,"1,601","6,395"
HC20G,180,"Vertebral Column Injury without Procedure, with CC Score 0",.,"3,197",.,.,"13,414",.,.,.,.,.,225,.,612,.,.,.,.,"17,448"
HC20G,300,"Vertebral Column Injury without Procedure, with CC Score 0",.,407,.,.,.,.,.,.,.,.,305,.,"1,931",.,.,.,734,"3,376"
HC20G,430,"Vertebral Column Injury without Procedure, with CC Score 0",.,370,.,.,.,.,.,.,.,.,388,.,654,.,.,.,.,"1,412"
HC21D,300,"Spinal Cord Injury without Procedure, with CC Score 2+",.,.,.,.,.,.,.,.,.,.,.,.,.,.,.,.,367,367
HC26D,300,"Scoliosis or Other Spinal Deformity, with CC Score 3+",.,.,.,.,.,.,.,.,.,.,773,.,.,.,.,.,367,"1,140"
HC26E,110,"Scoliosis or Other Spinal Deformity, with CC Score 1-2",519,.,.,.,.,.,.,.,.,.,.,.,612,.,.,.,.,"1,131"
HC26E,300,"Scoliosis or Other Spinal Deformity, with CC Score 1-2",.,"1,220",404,.,.,.,.,.,.,.,.,.,772,.,.,.,"1,100","3,496"
HC26E,430,"Scoliosis or Other Spinal Deformity, with CC Score 1-2",.,.,.,.,.,.,.,.,.,.,.,.,654,.,.,.,.,654
HC26F,110,"Scoliosis or Other Spinal Deformity, with CC Score 0",.,.,.,.,374,.,.,.,.,.,.,.,.,.,.,.,.,374
HC26F,300,"Scoliosis or Other Spinal Deformity, with CC Score 0",438,.,808,.,.,.,.,.,.,.,.,.,386,.,.,.,.,"1,632"
HC26F,430,"Scoliosis or Other Spinal Deformity, with CC Score 0",.,.,.,.,.,.,.,.,.,.,.,.,654,.,.,.,.,654
HC27E,300,Degenerative Spinal Conditions with CC Score 6-8,438,.,404,.,327,301,.,.,376,.,.,.,386,.,502,.,"1,100","3,835"
HC27F,110,Degenerative Spinal Conditions with CC Score 3-5,519,.,.,.,.,.,.,.,.,.,.,.,612,.,.,.,.,"1,131"
HC27F,300,Degenerative Spinal Conditions with CC Score 3-5,"1,753","4,066","3,232",454,"1,634",.,"1,583",.,"1,879",.,773,.,"4,633",.,"2,009",.,"8,436","30,451"
HC27F,320,Degenerative Spinal Conditions with CC Score 3-5,.,422,.,547,.,.,.,.,.,.,906,.,611,.,.,"1,104",.,"3,590"
HC27F,340,Degenerative Spinal Conditions with CC Score 3-5,.,.,465,.,.,.,.,.,.,.,.,.,.,.,.,.,.,465
HC27F,430,Degenerative Spinal Conditions with CC Score 3-5,.,.,"1,496",.,363,.,.,.,.,.,388,.,"1,961",.,.,.,.,"4,207"
HC27G,100,Degenerative Spinal Conditions with CC Score 0-2,.,452,.,"1,145","1,752","1,186",.,.,.,.,"1,051",.,"1,552",.,"1,941",.,455,"9,534"
HC27G,110,Degenerative Spinal Conditions with CC Score 0-2,"8,310",.,.,.,.,.,.,.,.,.,.,.,"12,845",.,.,.,400,"21,555"
HC27G,120,Degenerative Spinal Conditions with CC Score 0-2,540,.,.,.,.,.,.,.,.,.,.,.,.,.,.,.,.,540
HC27G,150,Degenerative Spinal Conditions with CC Score 0-2,.,.,.,.,.,.,.,.,.,.,.,.,"1,905",.,.,.,.,"1,905"
HC27G,180,Degenerative Spinal Conditions with CC Score 0-2,.,"15,072",.,.,"54,550",.,.,.,.,.,"1,347",.,"1,530",.,.,.,.,"72,500"
HC27G,300,Degenerative Spinal Conditions with CC Score 0-2,"10,957","10,572","4,848","3,175","1,961","1,205","1,583",.,"1,503",.,"4,452",.,"20,463",.,"4,017",.,"11,004","75,740"
HC27G,302,Degenerative Spinal Conditions with CC Score 0-2,.,.,.,.,.,.,.,.,.,.,.,.,488,.,.,.,.,488
HC27G,320,Degenerative Spinal Conditions with CC Score 0-2,.,"1,267",568,.,.,.,701,.,.,.,453,.,611,.,.,"5,520",456,"9,576"
HC27G,340,Degenerative Spinal Conditions with CC Score 0-2,.,.,.,.,.,.,.,.,.,.,.,.,932,.,.,.,.,932
HC27G,400,Degenerative Spinal Conditions with CC Score 0-2,.,.,.,.,.,.,.,.,.,.,.,.,799,.,.,.,.,799
HC27G,430,Degenerative Spinal Conditions with CC Score 0-2,.,"1,111",997,.,363,.,.,.,.,.,388,.,"7,190",.,644,.,298,"10,991"
HC27G,501,Degenerative Spinal Conditions with CC Score 0-2,.,955,.,.,.,"1,013",.,.,.,.,.,.,.,.,.,.,730,"2,698"
HC27G,502,Degenerative Spinal Conditions with CC Score 0-2,.,.,569,.,.,.,.,.,.,.,.,.,.,.,676,.,.,"1,244"
HC28D,340,Spinal Cord Conditions with CC Score 7+,.,.,.,.,.,.,.,.,.,.,.,.,466,.,.,.,.,466
HC28F,300,Spinal Cord Conditions with CC Score 3-4,.,.,.,.,.,.,.,.,.,.,.,.,.,.,.,.,367,367
HC28G,110,Spinal Cord Conditions with CC Score 0-2,519,.,.,.,.,.,.,.,.,.,.,.,"1,223",.,.,.,.,"1,743"
HC28G,300,Spinal Cord Conditions with CC Score 0-2,438,.,.,.,.,.,.,.,376,.,.,.,"1,544",.,502,.,367,"3,227"
HC29A,180,Inflammatory Spinal Conditions with CC Score 2+,.,.,.,.,.,.,.,.,.,.,.,.,306,.,.,.,.,306
HC29A,300,Inflammatory Spinal Conditions with CC Score 2+,.,813,.,.,.,.,.,.,.,.,.,.,.,.,.,.,.,813
HC29A,320,Inflammatory Spinal Conditions with CC Score 2+,689,.,.,.,.,.,701,.,.,.,.,.,.,.,.,.,.,"1,390"
HC29A,410,Inflammatory Spinal Conditions with CC Score 2+,.,.,.,.,.,.,.,685,.,.,.,.,.,.,.,.,.,685
HC29B,110,Inflammatory Spinal Conditions with CC Score 0-1,519,.,.,.,.,.,.,.,.,.,.,.,"1,835",.,.,.,.,"2,354"
HC29B,180,Inflammatory Spinal Conditions with CC Score 0-1,.,913,.,.,"2,683",.,.,.,.,.,.,.,"3,673",.,.,.,.,"7,269"
HC29B,300,Inflammatory Spinal Conditions with CC Score 0-1,.,.,404,.,.,301,.,.,.,.,.,.,"3,475",.,.,.,"1,100","5,281"
HC29B,430,Inflammatory Spinal Conditions with CC Score 0-1,.,.,.,.,.,.,.,.,.,.,.,.,"2,615",.,.,.,.,"2,615"
HC31D,300,Spinal Infection with CC Score 7+,.,.,.,.,.,.,.,.,.,.,.,.,772,.,.,.,.,772
HC31E,361,Spinal Infection with CC Score 4-6,.,.,.,.,.,409,.,.,.,.,.,.,.,.,.,.,.,409
HC31F,110,Spinal Infection with CC Score 1-3,"1,039",.,.,.,.,.,.,.,.,.,.,.,.,.,.,.,.,"1,039"
HC31F,300,Spinal Infection with CC Score 1-3,.,.,.,.,.,.,.,.,.,.,.,.,386,.,.,.,.,386
HC31F,430,Spinal Infection with CC Score 1-3,.,370,.,.,.,.,.,.,.,.,.,.,.,.,.,.,.,370
HC31G,300,Spinal Infection with CC Score 0,.,.,.,.,327,.,.,.,.,.,.,.,"1,158",.,.,.,.,"1,485"
HC32D,300,Low Back Pain with CC Score 6+,438,407,.,.,327,.,.,.,.,.,.,.,.,.,.,.,.,"1,172"
HC32E,100,Low Back Pain with CC Score 3-5,.,.,.,.,.,395,.,.,.,.,.,.,.,.,.,.,.,395
HC32E,300,Low Back Pain with CC Score 3-5,.,.,404,454,"1,961",.,.,.,.,.,.,.,"1,158",.,.,.,.,"3,976"
HC32E,430,Low Back Pain with CC Score 3-5,.,370,.,.,725,.,.,.,.,360,.,.,.,.,.,.,.,"1,455"
HC32F,100,Low Back Pain with CC Score 0-2,"1,370",452,.,"1,145",438,"1,186",.,.,.,.,.,.,"1,552",.,"3,883",.,455,"10,481"
HC32F,101,Low Back Pain with CC Score 0-2,.,.,675,657,420,.,.,.,.,.,.,.,.,.,.,.,.,"1,752"
HC32F,110,Low Back Pain with CC Score 0-2,"1,558",.,.,.,.,.,.,608,.,.,.,.,"7,340",.,.,.,.,"9,506"
HC32F,150,Low Back Pain with CC Score 0-2,.,.,.,.,.,.,.,.,.,.,.,.,953,.,.,.,.,953
HC32F,180,Low Back Pain with CC Score 0-2,.,"2,740",.,.,"9,837",.,.,.,.,.,"1,347",.,918,.,.,.,.,"14,843"
HC32F,300,Low Back Pain with CC Score 0-2,"5,698","2,846","2,020",454,.,301,.,.,"1,127",.,640,.,"3,475",.,"1,004",.,"2,568","20,133"
HC32F,320,Low Back Pain with CC Score 0-2,.,.,.,.,.,.,.,.,.,.,.,.,.,.,.,552,.,552
HC32F,430,Low Back Pain with CC Score 0-2,.,370,.,.,.,.,.,.,.,.,.,.,"3,922",.,.,.,.,"4,292"
HC32F,501,Low Back Pain with CC Score 0-2,.,.,.,.,939,"1,013",.,.,.,.,.,.,.,.,.,.,.,"1,952"
HC32F,502,Low Back Pain with CC Score 0-2,.,.,.,.,.,363,.,.,.,.,.,.,.,.,.,.,.,363
HC41B,110,Major Spinal Reconstructive Surgery with CC Score 0-1,.,.,.,.,.,.,.,.,.,.,.,.,"8,704",.,.,.,.,"8,704"
HD21D,100,Soft Tissue Disorders with CC Score 12+,.,.,.,.,.,.,.,.,.,.,.,.,.,.,647,.,.,647
HD21D,300,Soft Tissue Disorders with CC Score 12+,.,.,.,.,.,301,.,.,376,.,.,.,.,.,.,.,.,677
HD21E,110,Soft Tissue Disorders with CC Score 9-11,519,.,.,.,.,.,.,.,.,.,.,.,.,.,.,.,.,519
HD21E,300,Soft Tissue Disorders with CC Score 9-11,.,.,"1,212",.,.,.,.,.,.,.,.,.,.,.,.,.,"2,201","3,413"
HD21E,430,Soft Tissue Disorders with CC Score 9-11,.,.,.,.,.,.,.,.,.,.,.,.,.,.,644,.,.,644
HD21F,180,Soft Tissue Disorders with CC Score 6-8,.,457,.,.,894,.,.,.,.,.,.,.,306,.,.,.,.,"1,657"
HD21F,300,Soft Tissue Disorders with CC Score 6-8,877,"1,626",404,.,"1,307",603,.,.,"1,503",.,"1,666",.,"1,931",.,"2,009",.,"3,301","15,226"
HD21F,320,Soft Tissue Disorders with CC Score 6-8,689,.,.,.,.,358,.,.,.,.,453,.,611,.,.,"1,104",.,"3,214"
HD21F,430,Soft Tissue Disorders with CC Score 6-8,.,.,997,.,363,.,.,.,.,.,.,.,654,.,.,.,298,"2,312"
HD21G,100,Soft Tissue Disorders with CC Score 3-5,"1,370",.,.,573,.,395,.,.,.,.,.,.,"2,033",.,.,.,909,"5,280"
HD21G,110,Soft Tissue Disorders with CC Score 3-5,519,.,.,.,374,.,.,.,.,.,.,.,.,.,.,.,.,893
HD21G,160,Soft Tissue Disorders with CC Score 3-5,.,.,.,.,.,.,.,.,.,.,.,.,.,.,.,.,980,980
HD21G,180,Soft Tissue Disorders with CC Score 3-5,.,"2,740",.,.,"1,789",.,.,.,.,.,449,.,306,.,.,.,.,"5,284"
HD21G,300,Soft Tissue Disorders with CC Score 3-5,"6,136","9,759","1,616",907,"1,961","1,506",.,.,.,.,"2,744",.,"4,633",.,"4,519",.,"4,035","37,816"
HD21G,301,Soft Tissue Disorders with CC Score 3-5,.,374,.,.,.,.,.,.,.,.,.,.,.,.,.,.,.,374
HD21G,320,Soft Tissue Disorders with CC Score 3-5,.,"2,956",.,.,.,358,701,.,.,.,.,.,"1,221",.,.,"13,249",.,"18,485"
HD21G,340,Soft Tissue Disorders with CC Score 3-5,.,.,.,.,.,714,.,.,.,.,.,.,.,.,.,.,.,714
HD21G,361,Soft Tissue Disorders with CC Score 3-5,.,.,.,.,.,.,.,.,.,.,.,.,.,.,.,.,"1,533","1,533"
HD21G,410,Soft Tissue Disorders with CC Score 3-5,.,395,.,.,.,.,.,.,.,.,.,.,.,.,.,.,.,395
HD21G,430,Soft Tissue Disorders with CC Score 3-5,368,741,.,.,363,.,.,.,.,.,388,.,"1,307",.,.,.,.,"3,167"
HD21H,100,Soft Tissue Disorders with CC Score 0-2,914,452,.,"1,718","1,314",395,.,.,.,.,.,.,"2,421",.,"1,941",.,455,"9,609"
HD21H,110,Soft Tissue Disorders with CC Score 0-2,.,.,.,.,"5,462",.,.,.,.,.,.,.,.,.,.,.,801,"6,263"
HD21H,120,Soft Tissue Disorders with CC Score 0-2,"2,149",450,.,.,.,.,.,.,.,.,.,.,.,.,.,.,.,"2,598"
HD21H,160,Soft Tissue Disorders with CC Score 0-2,.,.,.,.,.,.,.,.,.,.,.,.,.,.,.,.,"4,690","4,690"
HD21H,180,Soft Tissue Disorders with CC Score 0-2,.,"9,135",.,.,"8,048",.,.,.,.,.,"1,572",.,"1,224",.,.,.,.,"19,979"
HD21H,300,Soft Tissue Disorders with CC Score 0-2,"9,643","15,045","3,232","2,268","1,307","1,808",.,.,752,.,"4,037",.,"4,633",.,"6,026",.,"5,502","54,251"
HD21H,320,Soft Tissue Disorders with CC Score 0-2,"1,378","2,111",568,"1,641",385,358,.,.,.,.,453,.,.,.,.,"78,943",912,"86,748"
HD21H,340,Soft Tissue Disorders with CC Score 0-2,.,.,.,.,.,714,.,.,.,.,.,.,.,.,.,.,.,714
HD21H,430,Soft Tissue Disorders with CC Score 0-2,368,"1,482",.,.,.,.,.,.,.,.,775,.,654,.,644,.,"2,686","6,609"
HD21H,501,Soft Tissue Disorders with CC Score 0-2,"1,028","2,866",.,.,.,"6,077",.,.,.,.,.,.,958,.,.,.,"2,921","13,849"
HD21H,502,Soft Tissue Disorders with CC Score 0-2,589,775,.,.,.,.,.,.,.,.,.,.,.,.,.,.,"2,176","3,540"
HD23D,300,"Inflammatory, Spine, Joint or Connective Tissue Disorders, with CC Score 12+",.,.,.,.,.,.,.,.,752,.,.,.,"1,158",.,.,.,367,"2,277"
HD23D,430,"Inflammatory, Spine, Joint or Connective Tissue Disorders, with CC Score 12+",.,.,499,.,.,.,.,.,366,.,.,.,654,.,.,.,.,"1,518"
HD23E,300,"Inflammatory, Spine, Joint or Connective Tissue Disorders, with CC Score 9-11",.,"1,220",.,.,654,.,.,.,376,.,.,.,772,.,502,.,"3,668","7,191"
HD23E,430,"Inflammatory, Spine, Joint or Connective Tissue Disorders, with CC Score 9-11",.,.,.,.,.,.,.,.,.,.,.,.,.,.,644,.,.,644
HD23F,300,"Inflammatory, Spine, Joint or Connective Tissue Disorders, with CC Score 7-8",877,"1,626",808,454,.,.,.,.,.,.,.,.,"2,703",.,502,.,"4,401","11,371"
HD23F,320,"Inflammatory, Spine, Joint or Connective Tissue Disorders, with CC Score 7-8",.,.,.,.,.,.,.,.,.,.,453,.,.,.,799,.,.,"1,252"
HD23F,340,"Inflammatory, Spine, Joint or Connective Tissue Disorders, with CC Score 7-8",.,.,465,.,.,.,.,.,.,.,.,.,.,.,.,.,.,465
HD23F,410,"Inflammatory, Spine, Joint or Connective Tissue Disorders, with CC Score 7-8",.,.,.,.,.,.,.,"1,369",.,.,.,.,.,.,.,.,.,"1,369"
HD23F,430,"Inflammatory, Spine, Joint or Connective Tissue Disorders, with CC Score 7-8",.,.,499,.,.,.,.,.,.,.,.,.,654,.,.,.,.,"1,152"
HD23G,100,"Inflammatory, Spine, Joint or Connective Tissue Disorders, with CC Score 5-6",.,.,.,573,.,.,.,.,.,.,.,.,.,.,647,.,.,"1,220"
HD23G,300,"Inflammatory, Spine, Joint or Connective Tissue Disorders, with CC Score 5-6","2,630","2,033","4,040",.,327,.,.,.,752,.,692,.,"1,158",.,"1,004",.,"6,235","18,871"
HD23G,320,"Inflammatory, Spine, Joint or Connective Tissue Disorders, with CC Score 5-6",.,422,.,.,.,.,701,.,.,.,.,.,.,.,.,.,.,"1,123"
HD23G,340,"Inflammatory, Spine, Joint or Connective Tissue Disorders, with CC Score 5-6",.,.,465,.,.,.,.,.,.,.,.,.,.,.,.,.,.,465
HD23G,430,"Inflammatory, Spine, Joint or Connective Tissue Disorders, with CC Score 5-6",368,741,.,.,.,.,.,.,.,.,388,.,654,.,.,.,.,"2,151"
HD23H,100,"Inflammatory, Spine, Joint or Connective Tissue Disorders, with CC Score 3-4",457,.,.,.,.,791,.,.,.,.,.,.,.,.,.,.,.,"1,247"
HD23H,180,"Inflammatory, Spine, Joint or Connective Tissue Disorders, with CC Score 3-4",.,457,.,.,"1,789",.,.,.,.,.,.,.,306,.,.,.,.,"2,551"
HD23H,300,"Inflammatory, Spine, Joint or Connective Tissue Disorders, with CC Score 3-4","1,753","8,132","2,424",907,"1,634",603,.,.,"1,127",.,"3,293",.,"8,108",.,"1,004",.,"10,637","39,622"
HD23H,301,"Inflammatory, Spine, Joint or Connective Tissue Disorders, with CC Score 3-4",.,374,.,.,.,.,.,.,.,.,.,.,.,.,.,.,.,374
HD23H,303,"Inflammatory, Spine, Joint or Connective Tissue Disorders, with CC Score 3-4",.,357,.,.,.,.,.,.,.,.,.,.,.,.,.,.,.,357
HD23H,320,"Inflammatory, Spine, Joint or Connective Tissue Disorders, with CC Score 3-4",.,422,568,547,.,716,"1,402",.,.,.,906,.,611,.,.,552,.,"5,723"
HD23H,340,"Inflammatory, Spine, Joint or Connective Tissue Disorders, with CC Score 3-4",.,.,.,.,.,.,.,.,.,.,.,.,932,.,.,.,.,932
HD23H,361,"Inflammatory, Spine, Joint or Connective Tissue Disorders, with CC Score 3-4",.,.,704,.,.,.,.,.,.,.,.,.,.,.,.,.,.,704
HD23H,410,"Inflammatory, Spine, Joint or Connective Tissue Disorders, with CC Score 3-4",.,.,.,.,.,.,.,"2,054",.,.,.,.,.,.,.,.,.,"2,054"
HD23H,430,"Inflammatory, Spine, Joint or Connective Tissue Disorders, with CC Score 3-4",.,"2,223",.,.,725,.,.,.,.,.,.,.,"2,615",.,.,.,.,"5,562"
HD23J,100,"Inflammatory, Spine, Joint or Connective Tissue Disorders, with CC Score 0-2",457,.,.,573,438,395,.,.,.,.,.,.,.,.,647,.,.,"2,510"
HD23J,110,"Inflammatory, Spine, Joint or Connective Tissue Disorders, with CC Score 0-2",.,.,.,.,.,.,.,608,.,.,.,.,.,.,.,.,.,608
HD23J,130,"Inflammatory, Spine, Joint or Connective Tissue Disorders, with CC Score 0-2",.,.,.,.,.,.,.,.,.,.,.,.,468,.,.,.,.,468
HD23J,180,"Inflammatory, Spine, Joint or Connective Tissue Disorders, with CC Score 0-2",.,"3,654",.,.,"5,366",.,.,.,.,.,449,.,"2,401",.,.,.,.,"11,870"
HD23J,300,"Inflammatory, Spine, Joint or Connective Tissue Disorders, with CC Score 0-2","10,957","12,198","6,464","2,268","1,961","1,506",528,.,"1,879",.,"4,786",.,"8,494",.,"3,515",.,"10,637","65,194"
HD23J,303,"Inflammatory, Spine, Joint or Connective Tissue Disorders, with CC Score 0-2",.,.,712,.,.,.,.,.,.,.,.,.,.,.,.,.,.,712
HD23J,320,"Inflammatory, Spine, Joint or Connective Tissue Disorders, with CC Score 0-2","2,067",845,.,.,385,"1,074",.,.,.,.,453,.,.,.,.,"1,104",.,"5,927"
HD23J,340,"Inflammatory, Spine, Joint or Connective Tissue Disorders, with CC Score 0-2",.,.,465,.,.,.,.,.,.,.,.,.,.,.,.,.,.,465
HD23J,410,"Inflammatory, Spine, Joint or Connective Tissue Disorders, with CC Score 0-2",.,395,.,.,"2,426",.,.,"1,456",.,.,.,.,.,.,.,.,.,"4,277"
HD23J,430,"Inflammatory, Spine, Joint or Connective Tissue Disorders, with CC Score 0-2",.,"1,482",.,.,363,.,.,.,.,.,388,.,"4,576",.,.,.,.,"6,807"
HD23J,501,"Inflammatory, Spine, Joint or Connective Tissue Disorders, with CC Score 0-2",.,.,.,.,.,"1,013",.,.,.,.,.,.,.,.,.,.,730,"1,743"
HD24D,110,"Non-Inflammatory, Bone or Joint Disorders, with CC Score 12+","1,558",.,.,.,.,.,.,.,.,.,.,.,.,.,.,.,400,"1,959"
HD24D,180,"Non-Inflammatory, Bone or Joint Disorders, with CC Score 12+",.,.,.,.,894,.,.,.,.,.,.,.,.,.,.,.,.,894
HD24D,300,"Non-Inflammatory, Bone or Joint Disorders, with CC Score 12+",.,"1,220",.,.,327,301,.,.,.,.,.,.,386,.,.,.,367,"2,601"
HD24E,300,"Non-Inflammatory, Bone or Joint Disorders, with CC Score 8-11",.,"2,440",.,.,327,.,.,.,376,.,.,.,"2,317",.,.,.,.,"5,459"
HD24E,430,"Non-Inflammatory, Bone or Joint Disorders, with CC Score 8-11",.,.,.,.,363,352,.,.,.,.,.,.,.,.,.,.,.,714
HD24F,100,"Non-Inflammatory, Bone or Joint Disorders, with CC Score 5-7",.,.,.,.,438,.,.,.,.,.,.,.,.,.,.,.,.,438
HD24F,110,"Non-Inflammatory, Bone or Joint Disorders, with CC Score 5-7",519,.,.,.,374,.,.,.,.,.,.,.,.,.,.,.,.,893
HD24F,300,"Non-Inflammatory, Bone or Joint Disorders, with CC Score 5-7",877,"1,626",808,.,327,301,.,.,376,.,.,.,"1,931",.,"1,506",.,"1,100","8,852"
HD24F,320,"Non-Inflammatory, Bone or Joint Disorders, with CC Score 5-7",.,.,.,547,.,.,.,.,.,.,.,.,.,.,.,.,.,547
HD24F,430,"Non-Inflammatory, Bone or Joint Disorders, with CC Score 5-7",.,.,499,.,363,.,.,.,.,.,.,.,654,.,.,.,.,"1,515"
HD24G,100,"Non-Inflammatory, Bone or Joint Disorders, with CC Score 2-4",457,.,.,.,.,.,.,.,.,.,.,.,.,.,647,.,.,"1,104"
HD24G,110,"Non-Inflammatory, Bone or Joint Disorders, with CC Score 2-4","1,859",.,.,.,374,.,.,.,.,.,.,.,"1,847",.,.,.,.,"4,079"
HD24G,160,"Non-Inflammatory, Bone or Joint Disorders, with CC Score 2-4",.,.,.,.,.,.,.,.,.,.,.,.,.,.,.,.,490,490
HD24G,180,"Non-Inflammatory, Bone or Joint Disorders, with CC Score 2-4",.,457,.,.,894,.,.,.,.,.,225,.,918,.,.,.,.,"2,494"
HD24G,300,"Non-Inflammatory, Bone or Joint Disorders, with CC Score 2-4",877,"2,440",.,454,654,904,528,.,376,.,"1,441",.,"5,019",.,502,.,"1,467","14,660"
HD24G,430,"Non-Inflammatory, Bone or Joint Disorders, with CC Score 2-4",.,741,.,.,.,.,.,.,.,.,388,.,654,.,.,.,298,"2,081"
HD24H,100,"Non-Inflammatory, Bone or Joint Disorders, with CC Score 0-1",.,.,.,.,.,395,.,.,.,.,.,.,.,.,.,.,.,395
HD24H,110,"Non-Inflammatory, Bone or Joint Disorders, with CC Score 0-1","8,474",.,.,.,374,.,.,.,.,.,.,.,"5,157",.,.,.,"1,525","15,529"
HD24H,120,"Non-Inflammatory, Bone or Joint Disorders, with CC Score 0-1",540,.,.,.,.,.,.,.,.,.,.,.,.,.,.,.,.,540
HD24H,180,"Non-Inflammatory, Bone or Joint Disorders, with CC Score 0-1",.,"2,740",.,.,"2,683",.,.,.,.,.,225,.,"3,625",.,.,.,.,"9,273"
HD24H,300,"Non-Inflammatory, Bone or Joint Disorders, with CC Score 0-1","1,315","1,626",404,.,.,.,528,.,376,.,.,.,"2,317",.,502,.,.,"7,067"
HD24H,302,"Non-Inflammatory, Bone or Joint Disorders, with CC Score 0-1",.,.,.,.,.,.,.,.,.,.,.,.,526,.,.,.,.,526
HD24H,430,"Non-Inflammatory, Bone or Joint Disorders, with CC Score 0-1",.,.,.,.,.,.,.,.,.,.,.,.,"1,961",.,644,.,.,"2,605"
HD25D,300,"Infections of Bones or Joints, with CC Score 13+",.,.,.,.,.,.,.,.,.,.,.,.,"1,158",.,502,.,"2,201","3,861"
HD25D,430,"Infections of Bones or Joints, with CC Score 13+",.,.,.,.,.,.,.,.,366,.,.,.,654,.,.,.,.,"1,020"
HD25E,100,"Infections of Bones or Joints, with CC Score 9-12",.,.,.,.,.,395,.,.,.,.,.,.,.,.,.,.,.,395
HD25E,300,"Infections of Bones or Joints, with CC Score 9-12",.,"1,220",404,.,980,.,.,.,376,.,.,.,772,.,.,.,"1,834","5,586"
HD25F,100,"Infections of Bones or Joints, with CC Score 5-8",457,.,.,.,438,395,.,.,.,.,.,.,.,.,.,.,.,"1,290"
HD25F,110,"Infections of Bones or Joints, with CC Score 5-8",519,.,.,.,.,.,.,.,.,.,.,.,.,.,.,.,.,519
HD25F,300,"Infections of Bones or Joints, with CC Score 5-8","2,191",813,"3,232","1,361",654,301,.,.,752,.,387,.,"2,703",.,"2,511",.,"1,100","16,004"
HD25F,430,"Infections of Bones or Joints, with CC Score 5-8",.,370,.,.,.,.,.,.,.,.,.,.,.,.,.,.,.,370
HD25G,100,"Infections of Bones or Joints, with CC Score 2-4",457,.,.,.,.,.,.,.,.,.,.,.,.,.,.,.,.,457
HD25G,110,"Infections of Bones or Joints, with CC Score 2-4","1,558",.,.,.,.,.,.,.,.,.,.,.,.,.,.,.,.,"1,558"
HD25G,300,"Infections of Bones or Joints, with CC Score 2-4",438,"2,033",808,454,327,.,.,.,752,.,.,.,"3,089",.,502,.,"3,301","11,703"
HD25G,302,"Infections of Bones or Joints, with CC Score 2-4",.,.,.,.,.,.,.,.,.,.,.,.,977,.,.,.,.,977
HD25G,340,"Infections of Bones or Joints, with CC Score 2-4",.,.,.,.,.,.,.,.,.,.,.,.,932,.,.,.,.,932
HD25G,410,"Infections of Bones or Joints, with CC Score 2-4",.,.,.,.,.,.,.,685,.,.,.,.,.,.,.,.,.,685
HD25G,430,"Infections of Bones or Joints, with CC Score 2-4",.,.,.,.,.,.,.,.,.,.,.,.,.,.,644,.,.,644
HD25H,100,"Infections of Bones or Joints, with CC Score 0-1",457,452,.,573,438,.,.,.,.,.,.,.,.,.,.,.,.,"1,919"
HD25H,110,"Infections of Bones or Joints, with CC Score 0-1",519,.,.,.,.,.,.,.,.,.,.,.,612,.,.,.,.,"1,131"
HD25H,180,"Infections of Bones or Joints, with CC Score 0-1",.,457,.,.,894,.,.,.,.,.,.,.,.,.,.,.,.,"1,351"
HD25H,300,"Infections of Bones or Joints, with CC Score 0-1",.,.,404,.,.,.,.,.,.,.,334,.,772,.,.,.,"1,100","2,611"
HD26E,100,"Musculoskeletal Signs or Symptoms, with CC Score 8-11",.,.,.,.,.,.,.,.,.,.,.,.,388,.,.,.,.,388
HD26E,300,"Musculoskeletal Signs or Symptoms, with CC Score 8-11",877,"1,220",.,.,654,.,.,.,376,.,.,.,772,.,502,.,"2,201","6,601"
HD26E,430,"Musculoskeletal Signs or Symptoms, with CC Score 8-11",.,370,.,.,.,352,.,.,.,.,.,.,654,.,.,.,.,"1,376"
HD26F,100,"Musculoskeletal Signs or Symptoms, with CC Score 4-7",.,.,.,.,.,395,.,.,.,.,.,.,.,.,647,.,455,"1,497"
HD26F,110,"Musculoskeletal Signs or Symptoms, with CC Score 4-7",.,.,.,.,374,.,.,.,.,.,.,.,612,.,.,.,400,"1,386"
HD26F,300,"Musculoskeletal Signs or Symptoms, with CC Score 4-7","2,191","4,066",808,.,"2,941",603,.,.,.,.,.,.,"9,266",.,"2,009",.,"2,934","24,818"
HD26F,301,"Musculoskeletal Signs or Symptoms, with CC Score 4-7",.,374,.,.,.,.,.,.,.,.,.,.,.,.,.,.,.,374
HD26F,320,"Musculoskeletal Signs or Symptoms, with CC Score 4-7",.,.,.,.,385,.,.,.,.,.,.,.,.,.,.,552,.,937
HD26F,430,"Musculoskeletal Signs or Symptoms, with CC Score 4-7",368,.,997,.,363,.,.,.,366,.,.,.,"1,961",.,.,.,298,"4,353"
HD26G,100,"Musculoskeletal Signs or Symptoms, with CC Score 0-3",914,.,.,573,.,.,.,.,.,.,.,.,388,.,.,.,455,"2,329"
HD26G,110,"Musculoskeletal Signs or Symptoms, with CC Score 0-3","2,597",.,.,.,374,.,.,.,.,.,.,.,.,.,.,.,801,"3,771"
HD26G,180,"Musculoskeletal Signs or Symptoms, with CC Score 0-3",.,"2,740",.,.,"7,154",.,.,.,.,.,674,.,"1,224",.,.,.,.,"11,792"
HD26G,300,"Musculoskeletal Signs or Symptoms, with CC Score 0-3","3,506","7,726","1,616",454,980,"1,506",.,.,752,.,"2,987",.,"8,880",.,"1,004",.,"1,467","30,879"
HD26G,320,"Musculoskeletal Signs or Symptoms, with CC Score 0-3",.,422,.,"1,094",.,.,701,.,.,.,"1,359",.,.,.,.,"1,656",.,"5,232"
HD26G,430,"Musculoskeletal Signs or Symptoms, with CC Score 0-3",737,"1,111",.,.,.,.,.,.,.,.,.,.,"1,961",.,.,.,.,"3,809"
HD26G,501,"Musculoskeletal Signs or Symptoms, with CC Score 0-3",.,.,.,.,939,.,.,.,.,.,.,.,479,.,.,.,.,"1,418"
HD39E,300,Pathological Fractures with CC Score 8-10,.,.,.,.,654,.,528,.,.,.,.,.,.,.,.,.,.,"1,181"
HD39E,430,Pathological Fractures with CC Score 8-10,.,.,.,.,"1,088",.,.,.,.,360,.,.,.,.,.,.,.,"1,447"
HD39F,110,Pathological Fractures with CC Score 6-7,.,.,.,.,374,.,.,.,.,.,.,.,612,.,.,.,.,985
HD39F,300,Pathological Fractures with CC Score 6-7,.,.,.,.,980,.,.,.,376,.,.,.,386,.,.,.,367,"2,109"
HD39F,430,Pathological Fractures with CC Score 6-7,.,.,.,.,725,.,.,.,.,.,.,.,654,.,.,.,.,"1,379"
HD39G,100,Pathological Fractures with CC Score 3-5,.,.,.,.,.,.,.,.,.,.,.,.,.,.,647,.,.,647
HD39G,110,Pathological Fractures with CC Score 3-5,519,.,.,.,.,.,.,.,.,.,.,.,"1,223",.,.,.,.,"1,743"
HD39G,180,Pathological Fractures with CC Score 3-5,.,457,.,.,.,.,.,.,.,.,.,.,.,.,.,.,.,457
HD39G,300,Pathological Fractures with CC Score 3-5,.,"2,440",404,.,"1,307",.,.,.,376,.,.,.,"1,158",.,.,.,"1,100","6,785"
HD39G,430,Pathological Fractures with CC Score 3-5,.,741,499,.,363,.,.,.,.,.,.,.,"3,268",.,.,.,.,"4,870"
HD39H,110,Pathological Fractures with CC Score 0-2,519,.,.,.,.,.,.,.,.,.,.,.,612,.,.,.,.,"1,131"
HD39H,180,Pathological Fractures with CC Score 0-2,.,913,.,.,.,.,.,.,.,.,.,.,.,.,.,.,.,913
HD39H,300,Pathological Fractures with CC Score 0-2,438,407,.,.,.,.,.,.,.,.,334,.,"3,475",.,.,.,367,"5,021"
HD39H,430,Pathological Fractures with CC Score 0-2,.,.,.,.,.,.,.,.,.,.,.,.,"3,922",.,.,.,.,"3,922"
HD40D,110,"Malignancy of Bone or Connective Tissue, with CC Score 12+",519,.,.,.,.,.,.,.,.,.,.,.,.,.,.,.,.,519
HD40D,430,"Malignancy of Bone or Connective Tissue, with CC Score 12+",.,.,.,.,.,.,.,.,.,.,.,.,.,.,.,.,298,298
HD40E,300,"Malignancy of Bone or Connective Tissue, with CC Score 8-11",.,407,.,.,327,.,.,.,.,.,.,.,.,.,.,.,367,"1,100"
HD40E,370,"Malignancy of Bone or Connective Tissue, with CC Score 8-11",.,.,708,.,.,.,.,.,.,.,.,.,.,.,.,.,.,708
HD40F,300,"Malignancy of Bone or Connective Tissue, with CC Score 5-7",877,"1,626",404,.,.,.,.,.,.,.,334,.,"1,158",.,.,.,"3,668","8,067"
HD40F,340,"Malignancy of Bone or Connective Tissue, with CC Score 5-7",.,.,.,.,.,.,.,.,.,.,.,.,466,.,.,.,.,466
HD40G,100,"Malignancy of Bone or Connective Tissue, with CC Score 2-4",.,.,.,.,.,.,.,.,.,.,.,.,388,.,.,.,.,388
HD40G,110,"Malignancy of Bone or Connective Tissue, with CC Score 2-4","1,558",.,.,.,.,.,.,.,.,.,.,.,"1,835",.,.,.,400,"3,793"
HD40G,180,"Malignancy of Bone or Connective Tissue, with CC Score 2-4",.,913,.,.,.,.,.,.,.,.,.,.,.,.,.,.,.,913
HD40G,300,"Malignancy of Bone or Connective Tissue, with CC Score 2-4",.,"2,440",.,.,.,.,.,.,752,.,.,.,.,.,.,.,"3,301","6,492"
HD40G,370,"Malignancy of Bone or Connective Tissue, with CC Score 2-4",.,.,"2,123",.,.,.,.,.,.,.,.,.,.,.,.,.,.,"2,123"
HD40H,300,"Malignancy of Bone or Connective Tissue, with CC Score 0-1",438,407,"1,212",907,.,301,528,.,.,.,.,.,"1,931",.,.,.,"1,834","7,557"
HD40H,430,"Malignancy of Bone or Connective Tissue, with CC Score 0-1",.,.,.,.,.,.,.,.,.,.,.,.,"1,307",.,.,.,.,"1,307"
HD40H,502,"Malignancy of Bone or Connective Tissue, with CC Score 0-1",.,.,.,.,.,.,.,.,.,.,.,.,.,.,.,.,544,544
HR07A,110,"Orthopaedic Reconstruction with Intervention Score 43 or less, with Diagnosis Score 22 or less","6,841",.,.,.,.,.,.,.,.,.,.,.,"14,624",.,.,.,"2,484","23,950"
HR07B,110,"Orthopaedic Reconstruction with Intervention Score 43 or less, with Diagnosis Score 23-60","6,662",.,.,.,.,.,.,.,.,.,.,.,"6,725",.,.,.,.,"13,387"
HR07B,160,"Orthopaedic Reconstruction with Intervention Score 43 or less, with Diagnosis Score 23-60",.,.,.,.,.,.,.,.,.,.,.,.,.,.,.,.,"8,029","8,029"
HR07C,110,"Orthopaedic Reconstruction with Intervention Score 43 or less, with Diagnosis Score 61 or more","3,331",.,.,.,.,.,.,.,.,.,.,.,"4,063",.,.,.,.,"7,394"
HR08A,110,"Orthopaedic Reconstruction with Intervention Score 44-65, with Diagnosis Score 22 or less","2,305",.,.,.,"3,410",.,.,.,.,.,.,.,"5,781",.,.,.,.,"11,496"
HR08B,110,"Orthopaedic Reconstruction with Intervention Score 44-65, with Diagnosis Score 23-60","4,610",.,.,.,.,.,.,.,.,.,.,.,"3,377",.,.,.,"2,066","10,054"
HR09A,110,"Orthopaedic Reconstruction with Intervention Score 66 or more, with Diagnosis Score 22 or less",.,.,.,.,"4,352",.,.,.,.,.,.,.,.,.,.,.,.,"4,352"
HR09B,110,"Orthopaedic Reconstruction with Intervention Score 66 or more, with Diagnosis Score 23-60",.,.,.,.,.,.,.,.,.,.,.,.,"4,958",.,.,.,.,"4,958"
JA12G,300,"Malignant Breast Disorders without Interventions, with CC Score 9+",438,"2,440",.,.,.,.,.,.,.,.,387,.,386,.,.,.,734,"4,384"
JA12G,430,"Malignant Breast Disorders without Interventions, with CC Score 9+",.,.,499,.,.,.,.,.,.,.,.,.,.,.,.,.,.,499
JA12H,100,"Malignant Breast Disorders without Interventions, with CC Score 6-8",.,.,.,.,438,.,.,.,.,.,.,.,.,.,.,.,.,438
JA12H,300,"Malignant Breast Disorders without Interventions, with CC Score 6-8",438,813,.,.,327,301,.,.,.,.,.,.,386,.,.,.,"1,834","4,100"
JA12H,370,"Malignant Breast Disorders without Interventions, with CC Score 6-8",.,.,"2,123",.,.,.,.,.,.,.,.,.,.,.,.,.,.,"2,123"
JA12H,430,"Malignant Breast Disorders without Interventions, with CC Score 6-8",.,370,.,.,.,.,.,.,.,.,.,.,.,.,.,.,.,370
JA12J,100,"Malignant Breast Disorders without Interventions, with CC Score 4-5",457,.,.,.,.,.,.,.,.,.,.,.,.,.,.,.,.,457
JA12J,300,"Malignant Breast Disorders without Interventions, with CC Score 4-5",877,813,404,.,327,.,.,.,.,.,.,.,.,.,502,.,734,"3,656"
JA12K,100,"Malignant Breast Disorders without Interventions, with CC Score 2-3",.,.,.,.,438,.,.,.,.,.,.,.,.,.,.,.,.,438
JA12K,300,"Malignant Breast Disorders without Interventions, with CC Score 2-3",.,.,.,454,327,.,.,.,.,.,334,.,386,.,"1,004",.,"1,100","3,605"
JA12K,370,"Malignant Breast Disorders without Interventions, with CC Score 2-3",.,.,"4,245",.,.,.,.,.,.,.,.,.,.,.,.,.,.,"4,245"
JA12L,180,"Malignant Breast Disorders without Interventions, with CC Score 0-1",.,457,.,.,.,.,.,.,.,.,.,.,.,.,.,.,.,457
JA12L,300,"Malignant Breast Disorders without Interventions, with CC Score 0-1",438,"1,220",.,.,.,.,.,.,.,.,773,.,.,.,.,.,367,"2,798"
JA12L,340,"Malignant Breast Disorders without Interventions, with CC Score 0-1",.,.,465,.,.,.,.,.,.,.,.,.,.,.,.,.,.,465
JA12L,370,"Malignant Breast Disorders without Interventions, with CC Score 0-1",.,.,"2,830",.,.,.,.,.,.,.,.,.,.,.,.,.,.,"2,830"
JA13A,100,Non-Malignant Breast Disorders with Interventions,.,.,.,.,.,.,.,.,.,.,.,.,"1,407",.,.,.,.,"1,407"
JA13B,300,"Non-Malignant Breast Disorders without Interventions, with CC Score 4+",.,407,.,.,.,.,.,.,.,.,.,.,.,.,.,.,367,773
JA13C,100,"Non-Malignant Breast Disorders without Interventions, with CC Score 0-3","6,396","2,712","1,064",.,"2,628",395,.,.,.,.,.,.,776,.,"2,589",.,909,"17,469"
JA13C,300,"Non-Malignant Breast Disorders without Interventions, with CC Score 0-3",.,813,.,.,.,.,.,.,.,.,.,.,.,.,.,.,367,"1,180"
JA13C,320,"Non-Malignant Breast Disorders without Interventions, with CC Score 0-3",.,.,.,.,.,.,.,.,.,.,.,.,.,.,.,552,.,552
JA13C,501,"Non-Malignant Breast Disorders without Interventions, with CC Score 0-3","1,028",.,.,.,.,.,.,.,.,.,.,.,.,.,.,.,.,"1,028"
JA13C,502,"Non-Malignant Breast Disorders without Interventions, with CC Score 0-3",.,.,569,.,.,.,.,.,.,.,.,.,.,.,.,.,.,569
JA18Z,100,Unilateral Minor Breast Procedures,"25,111",904,"1,531","1,363","6,604","1,969",.,.,.,.,.,.,.,.,.,.,"3,573","41,055"
JA18Z,160,Unilateral Minor Breast Procedures,.,.,.,.,.,.,.,.,.,.,.,.,.,.,.,.,"1,515","1,515"
JA20E,300,Unilateral Major Breast Procedures with CC Score 3-5,.,.,"1,518",.,.,.,.,.,.,.,.,.,.,.,.,.,.,"1,518"
JA20E,303,Unilateral Major Breast Procedures with CC Score 3-5,.,.,"2,318",.,.,.,.,.,.,.,.,.,.,.,.,.,.,"2,318"
JA24D,300,Unilateral Intermediate Breast Procedures with CC Score 6+,.,407,.,.,.,.,.,.,.,.,.,.,.,.,.,.,.,407
JA24F,100,Unilateral Intermediate Breast Procedures with CC Score 0-2,.,.,"2,380",.,.,.,.,.,.,.,.,.,.,.,"2,314",.,.,"4,694"
JA24F,300,Unilateral Intermediate Breast Procedures with CC Score 0-2,.,.,"1,124",.,.,.,.,.,.,.,.,.,.,.,.,.,.,"1,124"
JB31C,160,Intermediate Burn (TBSA of 20-59%) without Skin Procedure,.,.,.,.,.,.,.,.,.,.,.,.,664,.,.,.,.,664
JB31C,180,Intermediate Burn (TBSA of 20-59%) without Skin Procedure,.,457,.,.,.,.,.,.,.,.,.,.,.,.,.,.,.,457
JB32A,160,Minor Burn (TBSA of less than 20%) with Skin Graft,.,.,.,.,.,.,.,.,.,.,.,.,"3,129",.,.,.,.,"3,129"
JB32B,160,Minor Burn (TBSA of less than 20%) with Other Skin Procedure,.,.,.,.,.,.,.,.,.,.,.,.,"23,251",.,.,.,.,"23,251"
JB32C,100,Minor Burn (TBSA of less than 20%) without Skin Procedure,457,.,.,573,.,.,.,.,.,.,.,.,.,.,.,.,.,"1,029"
JB32C,160,Minor Burn (TBSA of less than 20%) without Skin Procedure,.,.,.,.,.,.,.,.,.,.,.,.,"13,363",.,.,.,.,"13,363"
JB32C,180,Minor Burn (TBSA of less than 20%) without Skin Procedure,.,.,.,.,894,.,.,.,.,.,.,.,.,.,.,.,.,894
JB32C,300,Minor Burn (TBSA of less than 20%) without Skin Procedure,438,.,.,.,.,.,.,.,.,.,387,.,.,.,.,.,.,825
JB32C,420,Minor Burn (TBSA of less than 20%) without Skin Procedure,"3,049",609,.,.,867,"1,467",.,.,.,.,.,.,.,.,.,.,.,"5,993"
JB33A,160,Other Burn with Skin Graft,.,.,.,.,.,.,.,.,.,.,.,.,"3,733",.,.,.,.,"3,733"
JB33B,100,Other Burn with Other Skin Procedure,.,.,.,.,.,.,.,.,.,.,.,.,.,.,"1,973",.,.,"1,973"
JB33B,160,Other Burn with Other Skin Procedure,.,.,.,.,.,.,.,.,.,.,.,.,.,.,.,.,"1,169","1,169"
JB33B,300,Other Burn with Other Skin Procedure,.,.,.,.,.,.,.,.,.,.,.,.,"1,827",.,.,.,.,"1,827"
JB33C,100,Other Burn without Skin Procedure,.,452,.,"1,145",.,.,.,.,.,.,.,.,.,.,647,.,.,"2,244"
JB33C,120,Other Burn without Skin Procedure,.,.,.,.,.,.,.,.,.,.,.,.,512,.,.,.,.,512
JB33C,160,Other Burn without Skin Procedure,.,.,.,.,.,.,.,.,.,.,.,.,"1,328",.,.,.,980,"2,308"
JB33C,180,Other Burn without Skin Procedure,.,.,.,.,"1,789",.,.,.,.,.,225,.,"1,530",.,.,.,.,"3,543"
JB33C,300,Other Burn without Skin Procedure,.,813,.,907,980,.,.,.,752,.,"1,880",.,"1,223",.,.,.,"1,100","7,655"
JB33C,320,Other Burn without Skin Procedure,.,422,.,.,"8,962",.,.,.,.,.,.,.,.,.,.,.,.,"9,384"
JB33C,420,Other Burn without Skin Procedure,.,"2,437",.,.,"2,602",734,.,.,.,.,.,.,.,.,.,.,.,"5,773"
JC41Z,160,Major Skin Procedures,.,.,.,.,.,.,.,.,.,.,.,.,.,.,.,.,"2,790","2,790"
JC42A,100,"Intermediate Skin Procedures, 13 years and over","63,919","23,729","2,129","20,507","48,472","36,258",.,.,.,.,"3,068",.,"22,467",.,"65,900",.,"14,627","301,076"
JC42A,101,"Intermediate Skin Procedures, 13 years and over",.,.,792,.,"1,222",.,.,.,.,.,.,.,.,.,.,.,915,"2,930"
JC42A,110,"Intermediate Skin Procedures, 13 years and over","5,649",.,.,.,"1,785",.,.,.,.,.,.,.,"1,326",.,.,.,.,"8,760"
JC42A,120,"Intermediate Skin Procedures, 13 years and over","3,218",899,.,.,"1,465",.,.,.,.,.,.,.,.,.,.,.,.,"5,583"
JC42A,140,"Intermediate Skin Procedures, 13 years and over","6,191",.,.,.,.,.,.,.,.,.,.,.,.,.,.,.,"3,016","9,207"
JC42A,160,"Intermediate Skin Procedures, 13 years and over",.,.,.,.,.,.,.,.,.,.,.,.,.,.,.,.,"161,988","161,988"
JC42A,180,"Intermediate Skin Procedures, 13 years and over",.,"1,784",.,.,894,.,.,.,.,.,.,.,662,.,.,.,.,"3,339"
JC42A,300,"Intermediate Skin Procedures, 13 years and over",.,813,.,"1,554",.,301,.,.,.,.,.,.,"1,111",.,.,.,"1,275","5,054"
JC42A,430,"Intermediate Skin Procedures, 13 years and over",.,.,.,.,.,352,.,.,.,.,.,.,.,407,.,.,.,759
JC42A,502,"Intermediate Skin Procedures, 13 years and over",.,.,507,.,.,.,.,.,.,.,.,.,.,.,.,.,.,507
JC42B,100,"Intermediate Skin Procedures, 12 years and under","3,196","1,341",.,.,961,"1,661",.,.,.,.,.,.,.,.,"9,881",.,.,"17,040"
JC42B,110,"Intermediate Skin Procedures, 12 years and under","1,412",.,.,.,.,.,.,.,.,.,.,.,"3,062",.,.,.,"2,467","6,941"
JC42B,120,"Intermediate Skin Procedures, 12 years and under",.,.,.,.,570,.,.,.,.,.,.,.,.,.,.,.,.,570
JC42B,140,"Intermediate Skin Procedures, 12 years and under","15,477",.,.,.,.,.,.,.,.,.,.,.,.,.,.,.,"4,524","20,001"
JC42B,160,"Intermediate Skin Procedures, 12 years and under",.,.,.,.,.,.,.,.,.,.,.,.,"4,623",.,.,.,"177,445","182,068"
JC42B,171,"Intermediate Skin Procedures, 12 years and under",.,.,.,.,.,.,.,.,.,.,.,.,"1,635",.,.,.,.,"1,635"
JC42B,420,"Intermediate Skin Procedures, 12 years and under",.,.,.,.,.,.,.,.,.,.,.,.,.,.,.,.,"1,444","1,444"
JC43A,100,"Minor Skin Procedures, 13 years and over","13,811","1,356",.,"2,634","10,560","10,249",.,.,.,.,"3,611",.,"10,819",.,"16,668",.,"1,347","71,056"
JC43A,110,"Minor Skin Procedures, 13 years and over","1,412",.,.,.,"3,052",.,.,.,.,.,.,.,.,.,.,.,.,"4,464"
JC43A,120,"Minor Skin Procedures, 13 years and over",.,.,.,.,.,.,.,.,.,.,.,.,"2,620",.,.,.,.,"2,620"
JC43A,140,"Minor Skin Procedures, 13 years and over","1,548",.,.,.,.,.,.,.,.,.,.,.,.,.,.,.,.,"1,548"
JC43A,160,"Minor Skin Procedures, 13 years and over",.,.,.,.,.,.,.,.,.,.,.,.,.,.,.,.,"73,836","73,836"
JC43A,180,"Minor Skin Procedures, 13 years and over",.,"3,197",.,.,894,.,.,.,.,.,.,.,.,.,.,.,.,"4,091"
JC43A,300,"Minor Skin Procedures, 13 years and over",.,407,400,.,327,301,.,.,.,.,.,.,945,.,.,.,"2,095","4,475"
JC43A,501,"Minor Skin Procedures, 13 years and over",.,.,.,"1,128",.,.,.,.,.,.,.,.,.,.,.,.,.,"1,128"
JC43B,100,"Minor Skin Procedures, 12 years and under","1,598",.,.,"1,978","1,805","1,247",.,.,.,.,.,.,.,.,.,.,674,"7,302"
JC43B,110,"Minor Skin Procedures, 12 years and under",.,.,.,.,.,.,.,.,.,.,.,.,"3,204",.,.,.,.,"3,204"
JC43B,120,"Minor Skin Procedures, 12 years and under",.,.,.,.,"1,356",.,.,.,.,.,.,.,.,.,.,.,.,"1,356"
JC43B,140,"Minor Skin Procedures, 12 years and under","6,191",.,.,.,.,.,.,.,.,.,.,.,.,.,.,.,"2,561","8,752"
JC43B,160,"Minor Skin Procedures, 12 years and under",.,.,.,.,.,.,.,.,.,.,.,.,"1,602",.,.,.,"22,551","24,153"
JC43B,171,"Minor Skin Procedures, 12 years and under",.,.,.,.,.,.,.,.,.,.,.,.,"6,952",.,.,.,.,"6,952"
JC43B,420,"Minor Skin Procedures, 12 years and under",.,609,.,.,.,.,.,.,.,.,.,.,.,.,.,.,"1,218","1,828"
JC47A,300,"Phototherapy, 13 years and over",438,.,.,.,.,.,.,.,.,.,.,.,.,.,.,.,.,438
JC47B,420,"Phototherapy, 12 years and under",.,.,.,720,"2,602",.,.,.,.,.,.,.,.,.,.,.,.,"3,323"
JD07A,300,"Skin Disorders with Interventions, with CC Score 12+",.,.,.,.,.,.,.,.,.,.,.,.,450,.,.,.,.,450
JD07B,100,"Skin Disorders with Interventions, with CC Score 8-11",.,.,.,.,.,"1,727",.,.,.,.,.,.,.,.,.,.,.,"1,727"
JD07C,300,"Skin Disorders with Interventions, with CC Score 4-7",.,.,.,.,.,.,.,.,.,.,590,.,.,.,.,.,.,590
JD07D,100,"Skin Disorders with Interventions, with CC Score 0-3",.,"1,549",.,"1,305","1,921","4,043",.,.,.,.,.,.,.,.,"1,973",.,"1,332","12,124"
JD07D,160,"Skin Disorders with Interventions, with CC Score 0-3",.,.,.,.,.,.,.,.,.,.,.,.,.,.,.,.,"1,169","1,169"
JD07D,180,"Skin Disorders with Interventions, with CC Score 0-3",.,457,.,.,.,.,.,.,.,.,.,.,.,.,.,.,.,457
JD07D,300,"Skin Disorders with Interventions, with CC Score 0-3",.,.,400,.,.,.,.,.,.,.,.,.,.,.,.,.,.,400
JD07D,330,"Skin Disorders with Interventions, with CC Score 0-3",.,.,785,.,.,.,.,.,.,.,.,.,.,.,.,.,.,785
JD07E,300,"Skin Disorders without Interventions, with CC Score 19+",.,.,.,.,.,.,.,.,.,.,.,.,.,.,.,.,"1,467","1,467"
JD07F,100,"Skin Disorders without Interventions, with CC Score 14-18",.,.,532,.,.,.,.,.,.,.,.,.,.,.,.,.,.,532
JD07F,120,"Skin Disorders without Interventions, with CC Score 14-18",.,.,.,.,378,.,.,.,.,.,.,.,.,.,.,.,.,378
JD07F,300,"Skin Disorders without Interventions, with CC Score 14-18","1,315",407,808,.,.,.,.,.,"1,879",.,387,.,"1,931",.,"1,004",.,"3,668","11,398"
JD07F,302,"Skin Disorders without Interventions, with CC Score 14-18",.,.,.,.,.,.,.,.,.,.,.,.,488,.,.,.,.,488
JD07F,361,"Skin Disorders without Interventions, with CC Score 14-18",.,.,"2,816",.,.,.,.,.,.,.,.,.,.,.,.,.,.,"2,816"
JD07F,430,"Skin Disorders without Interventions, with CC Score 14-18",.,370,.,.,.,.,.,.,.,.,.,.,.,.,.,.,597,967
JD07G,100,"Skin Disorders without Interventions, with CC Score 10-13",.,452,.,.,.,.,.,.,.,.,.,.,.,.,.,.,.,452
JD07G,180,"Skin Disorders without Interventions, with CC Score 10-13",.,913,.,.,.,.,.,.,.,.,.,.,.,.,.,.,.,913
JD07G,300,"Skin Disorders without Interventions, with CC Score 10-13","1,753","5,286","2,828",907,654,301,.,.,"1,127",.,387,.,"6,178",.,"2,009",.,"9,903","31,332"
JD07G,340,"Skin Disorders without Interventions, with CC Score 10-13",.,.,.,.,.,.,.,.,.,.,.,.,466,.,.,.,.,466
JD07G,361,"Skin Disorders without Interventions, with CC Score 10-13",.,442,"3,520",.,.,.,.,.,.,.,.,.,.,.,.,.,.,"3,962"
JD07G,430,"Skin Disorders without Interventions, with CC Score 10-13",.,"1,111",499,.,.,.,.,.,.,.,388,.,"1,307",.,644,.,.,"3,949"
JD07H,100,"Skin Disorders without Interventions, with CC Score 6-9","1,827",452,.,.,876,395,.,.,.,.,.,.,.,.,647,.,909,"5,107"
JD07H,110,"Skin Disorders without Interventions, with CC Score 6-9",519,.,.,.,.,.,.,.,.,.,.,.,.,.,.,.,.,519
JD07H,180,"Skin Disorders without Interventions, with CC Score 6-9",.,.,.,.,.,.,.,.,.,.,225,.,306,.,.,.,.,531
JD07H,300,"Skin Disorders without Interventions, with CC Score 6-9","10,519","10,572","7,272","1,361","2,941","1,506",528,.,"4,134",.,"3,656",.,"10,039",.,"6,026",.,"25,675","84,227"
JD07H,303,"Skin Disorders without Interventions, with CC Score 6-9",.,.,712,.,.,.,.,.,.,.,.,.,.,.,.,.,.,712
JD07H,320,"Skin Disorders without Interventions, with CC Score 6-9",.,.,.,.,.,358,.,.,.,.,.,.,.,.,.,.,.,358
JD07H,340,"Skin Disorders without Interventions, with CC Score 6-9",.,.,930,.,.,.,.,.,.,.,.,.,.,.,.,.,.,930
JD07H,361,"Skin Disorders without Interventions, with CC Score 6-9",.,.,"2,112",.,.,409,.,.,.,.,.,.,.,.,.,.,.,"2,521"
JD07H,430,"Skin Disorders without Interventions, with CC Score 6-9",.,741,"1,496",.,"1,088",.,.,.,.,.,775,.,"3,922",.,.,.,597,"8,618"
JD07J,100,"Skin Disorders without Interventions, with CC Score 2-5","5,482",452,.,.,"1,752","1,581",.,.,.,.,"1,051",.,"6,689",.,"1,294",.,"2,273","20,574"
JD07J,110,"Skin Disorders without Interventions, with CC Score 2-5",519,.,.,.,.,.,.,.,.,.,.,.,.,.,.,.,400,920
JD07J,120,"Skin Disorders without Interventions, with CC Score 2-5",.,.,.,.,.,.,.,.,.,.,.,.,512,.,.,.,.,512
JD07J,140,"Skin Disorders without Interventions, with CC Score 2-5",.,.,.,.,.,.,.,.,.,.,.,.,.,.,.,.,599,599
JD07J,160,"Skin Disorders without Interventions, with CC Score 2-5",.,.,.,.,.,.,.,.,.,.,.,.,.,.,.,.,980,980
JD07J,180,"Skin Disorders without Interventions, with CC Score 2-5",.,"5,024",.,.,"4,471",.,.,.,.,.,449,.,"1,836",.,.,.,.,"11,781"
JD07J,300,"Skin Disorders without Interventions, with CC Score 2-5","27,613","23,990","10,908","4,082","4,575","3,013","1,583",.,"7,140",.,"9,424",.,"38,224",.,"14,562",.,"36,312","181,425"
JD07J,301,"Skin Disorders without Interventions, with CC Score 2-5",.,"1,495",.,.,.,.,.,.,.,.,.,.,.,.,.,.,.,"1,495"
JD07J,302,"Skin Disorders without Interventions, with CC Score 2-5",.,.,.,.,.,.,.,.,.,.,.,.,"1,465",.,.,.,.,"1,465"
JD07J,320,"Skin Disorders without Interventions, with CC Score 2-5",.,845,568,.,.,.,.,.,.,.,"1,359",.,.,.,.,"1,104",.,"3,875"
JD07J,330,"Skin Disorders without Interventions, with CC Score 2-5",.,.,"2,092",.,.,.,.,.,.,.,.,.,.,.,.,.,.,"2,092"
JD07J,340,"Skin Disorders without Interventions, with CC Score 2-5",.,.,465,.,.,.,.,.,.,.,.,.,"1,398",.,.,.,.,"1,863"
JD07J,370,"Skin Disorders without Interventions, with CC Score 2-5",.,.,708,.,.,.,.,.,.,.,.,.,.,.,.,.,.,708
JD07J,430,"Skin Disorders without Interventions, with CC Score 2-5","1,473","2,963","1,496",.,"1,088",.,.,.,.,.,388,.,"7,190",.,644,.,.,"15,242"
JD07K,100,"Skin Disorders without Interventions, with CC Score 0-1","10,507","4,068",532,"2,863","10,076","1,976",.,.,.,.,"3,152",.,"13,240",.,"7,766",.,"4,091","58,269"
JD07K,101,"Skin Disorders without Interventions, with CC Score 0-1",.,.,"1,350",.,420,.,.,.,.,.,.,.,.,.,.,.,.,"1,769"
JD07K,110,"Skin Disorders without Interventions, with CC Score 0-1",519,.,.,.,747,.,.,608,.,.,.,.,.,.,.,.,.,"1,875"
JD07K,120,"Skin Disorders without Interventions, with CC Score 0-1",.,.,.,.,.,.,.,.,.,.,.,.,"1,025",.,.,.,.,"1,025"
JD07K,130,"Skin Disorders without Interventions, with CC Score 0-1",.,.,.,.,.,.,.,.,.,.,.,.,468,.,.,.,.,468
JD07K,140,"Skin Disorders without Interventions, with CC Score 0-1",.,.,.,.,.,.,.,.,.,.,.,.,.,.,.,.,599,599
JD07K,160,"Skin Disorders without Interventions, with CC Score 0-1",.,.,.,.,.,.,.,.,.,.,.,.,.,.,.,.,"4,902","4,902"
JD07K,180,"Skin Disorders without Interventions, with CC Score 0-1",.,"30,601",.,.,"41,136",.,.,.,.,.,"2,245",.,"14,692",.,.,.,.,"88,674"
JD07K,300,"Skin Disorders without Interventions, with CC Score 0-1","18,409","20,330","9,696","7,257","2,614","4,821","1,583",.,"3,382",.,"8,985",.,"27,027",.,"11,549",.,"17,606","133,259"
JD07K,301,"Skin Disorders without Interventions, with CC Score 0-1",.,748,.,.,.,.,.,.,.,.,.,.,.,.,.,.,.,748
JD07K,303,"Skin Disorders without Interventions, with CC Score 0-1",.,.,712,.,.,.,.,.,.,.,.,.,.,.,.,.,.,712
JD07K,320,"Skin Disorders without Interventions, with CC Score 0-1",.,422,.,547,.,358,.,.,.,.,.,.,611,.,.,"1,656",.,"3,594"
JD07K,340,"Skin Disorders without Interventions, with CC Score 0-1",.,.,465,.,.,.,.,.,.,.,.,.,466,.,.,.,.,931
JD07K,361,"Skin Disorders without Interventions, with CC Score 0-1",.,.,.,.,.,409,.,.,.,.,.,.,.,.,.,.,.,409
JD07K,410,"Skin Disorders without Interventions, with CC Score 0-1",.,.,.,.,"1,213",.,.,.,.,.,.,.,.,.,.,.,.,"1,213"
JD07K,430,"Skin Disorders without Interventions, with CC Score 0-1",.,"1,111",.,.,.,.,.,.,.,.,388,.,"3,922",.,.,.,.,"5,421"
JD07K,501,"Skin Disorders without Interventions, with CC Score 0-1","2,056",955,.,.,939,.,.,.,.,.,.,.,479,.,.,.,730,"5,160"
JD07K,502,"Skin Disorders without Interventions, with CC Score 0-1",.,.,.,794,.,.,.,.,.,.,.,.,.,.,.,.,544,"1,338"
KA03D,100,Parathyroid Procedures with CC Score 0-1,.,.,.,.,.,.,.,.,.,.,.,.,.,.,.,.,"2,210","2,210"
KA04B,100,Adrenal Procedures with CC Score 0-1,.,.,.,.,.,.,.,.,.,.,.,.,"3,548",.,.,.,.,"3,548"
KA04B,300,Adrenal Procedures with CC Score 0-1,.,.,"1,767",.,.,.,.,.,.,.,.,.,.,.,.,.,.,"1,767"
KA05C,300,Anterior Pituitary Disorders with CC Score 2+,.,407,.,.,.,.,.,.,.,.,.,.,.,.,.,.,.,407
KA05C,430,Anterior Pituitary Disorders with CC Score 2+,.,741,.,.,.,.,.,.,.,.,.,.,.,.,.,.,.,741
KA05D,300,Anterior Pituitary Disorders with CC Score 0-1,.,.,.,.,.,.,.,.,752,.,.,.,772,.,.,.,.,"1,524"
KA06C,300,"Non-Pituitary Neoplasia or Hypoplasia, with CC Score 4+",.,.,.,454,.,.,.,.,.,.,.,.,.,.,.,.,367,820
KA06D,300,"Non-Pituitary Neoplasia or Hypoplasia, with CC Score 2-3",.,407,.,454,.,.,.,.,.,.,.,.,386,.,.,.,.,"1,246"
KA06E,100,"Non-Pituitary Neoplasia or Hypoplasia, with CC Score 0-1",.,.,.,.,.,.,.,.,.,.,.,.,776,.,.,.,.,776
KA06E,300,"Non-Pituitary Neoplasia or Hypoplasia, with CC Score 0-1",.,.,.,907,327,.,.,.,.,.,305,.,386,.,.,.,.,"1,925"
KA06E,302,"Non-Pituitary Neoplasia or Hypoplasia, with CC Score 0-1",.,.,.,.,.,.,.,.,.,.,.,.,488,.,.,.,.,488
KA06E,320,"Non-Pituitary Neoplasia or Hypoplasia, with CC Score 0-1",.,.,.,.,.,.,.,.,.,.,.,.,.,.,799,.,.,799
KA07A,300,Non-Surgical Thyroid Disorders with CC Score 4+,.,"1,626",.,.,.,.,.,.,.,.,.,.,386,.,502,.,.,"2,515"
KA07A,430,Non-Surgical Thyroid Disorders with CC Score 4+,368,.,.,.,.,.,.,.,.,.,.,.,.,.,.,.,.,368
KA07B,300,Non-Surgical Thyroid Disorders with CC Score 2-3,.,.,808,454,"1,307",301,.,.,.,.,.,.,"2,046",.,.,.,734,"5,650"
KA07B,302,Non-Surgical Thyroid Disorders with CC Score 2-3,.,.,464,.,.,.,.,.,.,.,.,.,.,.,.,.,.,464
KA07B,320,Non-Surgical Thyroid Disorders with CC Score 2-3,.,.,568,.,.,.,.,.,.,.,.,.,.,.,.,.,.,568
KA07B,430,Non-Surgical Thyroid Disorders with CC Score 2-3,.,.,.,.,363,.,.,.,.,.,.,.,.,.,.,.,.,363
KA07C,100,Non-Surgical Thyroid Disorders with CC Score 0-1,.,.,.,.,.,.,.,.,.,.,.,.,388,.,.,.,.,388
KA07C,180,Non-Surgical Thyroid Disorders with CC Score 0-1,.,.,.,.,894,.,.,.,.,.,.,.,.,.,.,.,.,894
KA07C,300,Non-Surgical Thyroid Disorders with CC Score 0-1,877,407,.,.,980,301,.,.,.,.,.,.,"1,158",.,"2,511",.,"2,201","8,435"
KA07C,302,Non-Surgical Thyroid Disorders with CC Score 0-1,.,.,.,.,.,.,.,.,.,.,.,.,977,.,.,.,.,977
KA07C,320,Non-Surgical Thyroid Disorders with CC Score 0-1,689,.,.,.,.,.,.,.,.,.,.,.,.,.,.,.,.,689
KA08A,300,Other Endocrine Disorders with CC Score 4+,"1,753","1,626",.,454,.,.,528,.,.,.,.,.,772,.,502,.,367,"6,002"
KA08A,430,Other Endocrine Disorders with CC Score 4+,368,.,.,.,.,.,.,.,.,.,.,.,.,.,.,.,.,368
KA08B,100,Other Endocrine Disorders with CC Score 2-3,.,452,.,.,.,.,.,.,.,.,.,.,.,.,.,.,.,452
KA08B,120,Other Endocrine Disorders with CC Score 2-3,540,.,.,.,.,.,.,.,.,.,.,.,.,.,.,.,.,540
KA08B,300,Other Endocrine Disorders with CC Score 2-3,438,407,404,.,327,.,528,.,.,.,692,.,"2,703",.,.,.,"3,668","9,166"
KA08B,302,Other Endocrine Disorders with CC Score 2-3,.,.,.,.,.,.,.,.,.,.,.,.,488,.,.,.,.,488
KA08B,430,Other Endocrine Disorders with CC Score 2-3,368,.,.,.,.,.,.,.,.,.,.,.,.,.,.,.,.,368
KA08C,180,Other Endocrine Disorders with CC Score 0-1,.,.,.,.,894,.,.,.,.,.,225,.,.,.,.,.,.,"1,119"
KA08C,300,Other Endocrine Disorders with CC Score 0-1,"2,630","1,626",.,.,654,301,"1,055",.,376,.,"2,877",.,"2,703",.,502,.,367,"13,091"
KA08C,302,Other Endocrine Disorders with CC Score 0-1,.,.,.,.,.,.,.,.,.,.,.,.,"1,465",.,.,.,.,"1,465"
KA08C,430,Other Endocrine Disorders with CC Score 0-1,.,.,.,.,.,.,.,.,.,.,775,.,654,.,.,.,.,"1,429"
KA09D,120,Thyroid Procedures with CC Score 2-3,"3,154",.,.,.,.,.,.,.,.,.,.,.,.,.,.,.,.,"3,154"
KA09D,140,Thyroid Procedures with CC Score 2-3,"2,015",.,.,.,.,.,.,.,.,.,.,.,.,.,.,.,.,"2,015"
KA09E,100,Thyroid Procedures with CC Score 0-1,.,.,.,.,.,.,.,.,.,.,.,.,.,.,.,.,"1,347","1,347"
KA09E,120,Thyroid Procedures with CC Score 0-1,.,.,.,.,.,.,.,.,.,.,.,.,"2,512",.,.,.,.,"2,512"
KA09E,420,Thyroid Procedures with CC Score 0-1,.,609,.,.,.,.,.,.,.,.,.,.,.,.,.,.,.,609
KB01C,300,"Diabetes with Hypoglycaemic Disorders, with CC Score 8+","1,753",.,.,907,327,603,.,.,.,.,.,.,"2,317",.,"1,506",.,"4,035","11,447"
KB01C,430,"Diabetes with Hypoglycaemic Disorders, with CC Score 8+",.,.,.,.,.,.,.,.,.,.,388,.,.,.,.,.,.,388
KB01D,180,"Diabetes with Hypoglycaemic Disorders, with CC Score 5-7",.,.,.,.,.,.,.,.,.,.,.,.,306,.,.,.,.,306
KB01D,300,"Diabetes with Hypoglycaemic Disorders, with CC Score 5-7","2,630","2,846",.,454,"1,961",904,.,.,752,.,"1,107",.,"5,792",.,502,.,"2,934","19,881"
KB01D,301,"Diabetes with Hypoglycaemic Disorders, with CC Score 5-7",.,374,.,.,.,.,.,.,.,.,.,.,.,.,.,.,.,374
KB01D,302,"Diabetes with Hypoglycaemic Disorders, with CC Score 5-7",.,.,.,.,.,.,.,.,.,.,.,.,"2,442",.,.,.,.,"2,442"
KB01D,320,"Diabetes with Hypoglycaemic Disorders, with CC Score 5-7",.,422,.,.,.,.,.,.,.,.,.,.,.,.,.,.,.,422
KB01D,340,"Diabetes with Hypoglycaemic Disorders, with CC Score 5-7",.,.,.,.,.,.,.,.,.,.,.,.,932,.,.,.,.,932
KB01D,361,"Diabetes with Hypoglycaemic Disorders, with CC Score 5-7",.,.,.,.,.,819,.,.,.,.,.,.,.,.,.,.,.,819
KB01D,430,"Diabetes with Hypoglycaemic Disorders, with CC Score 5-7",.,.,499,.,.,.,.,.,.,.,.,.,.,.,.,.,.,499
KB01E,180,"Diabetes with Hypoglycaemic Disorders, with CC Score 3-4",.,913,.,.,"1,789",.,.,.,.,.,.,.,306,.,.,.,.,"3,008"
KB01E,300,"Diabetes with Hypoglycaemic Disorders, with CC Score 3-4","1,315","4,066","1,616","2,268","1,307",904,.,.,"1,503",.,305,.,"5,792",.,"3,013",.,"4,401","26,490"
KB01E,302,"Diabetes with Hypoglycaemic Disorders, with CC Score 3-4",.,.,927,.,.,.,.,.,.,.,.,.,"3,419",.,.,.,.,"4,346"
KB01E,320,"Diabetes with Hypoglycaemic Disorders, with CC Score 3-4",689,.,.,547,.,.,.,.,.,.,.,.,.,.,.,.,.,"1,236"
KB01E,430,"Diabetes with Hypoglycaemic Disorders, with CC Score 3-4",.,741,.,.,.,.,.,.,.,.,.,.,.,.,.,.,.,741
KB01F,180,"Diabetes with Hypoglycaemic Disorders, with CC Score 0-2",.,"3,654",.,.,894,.,.,.,.,.,.,.,918,.,.,.,.,"5,466"
KB01F,300,"Diabetes with Hypoglycaemic Disorders, with CC Score 0-2","4,383","6,099",404,"2,268",327,"1,205",528,.,752,.,"1,851",.,"3,089",.,"1,004",.,"1,467","23,377"
KB01F,302,"Diabetes with Hypoglycaemic Disorders, with CC Score 0-2",.,.,.,.,.,.,.,.,.,.,.,.,"1,954",.,.,.,.,"1,954"
KB01F,320,"Diabetes with Hypoglycaemic Disorders, with CC Score 0-2",.,422,.,547,.,.,.,.,.,.,.,.,.,.,.,.,.,969
KB01F,430,"Diabetes with Hypoglycaemic Disorders, with CC Score 0-2",368,.,.,.,.,.,.,.,.,.,.,.,.,.,.,.,298,667
KB02G,300,"Diabetes with Hyperglycaemic Disorders, with CC Score 8+",.,407,.,.,980,.,.,.,376,.,.,.,"5,792",.,.,.,"2,568","10,122"
KB02G,302,"Diabetes with Hyperglycaemic Disorders, with CC Score 8+",.,.,464,.,.,.,.,.,.,.,.,.,"1,465",.,.,.,.,"1,929"
KB02G,320,"Diabetes with Hyperglycaemic Disorders, with CC Score 8+",.,.,.,.,.,.,.,.,.,.,.,.,.,.,799,.,.,799
KB02G,361,"Diabetes with Hyperglycaemic Disorders, with CC Score 8+",.,.,.,.,.,819,.,.,.,.,.,.,.,.,.,.,.,819
KB02G,430,"Diabetes with Hyperglycaemic Disorders, with CC Score 8+",.,370,.,.,725,.,.,.,.,.,388,.,.,.,.,.,.,"1,483"
KB02H,100,"Diabetes with Hyperglycaemic Disorders, with CC Score 5-7",.,.,.,.,438,.,.,.,.,.,.,.,.,.,.,.,455,893
KB02H,300,"Diabetes with Hyperglycaemic Disorders, with CC Score 5-7","4,821","5,286","1,212",454,327,.,"1,055",.,752,.,"1,851",.,"9,653",.,"1,506",.,"7,336","34,252"
KB02H,301,"Diabetes with Hyperglycaemic Disorders, with CC Score 5-7",.,374,.,.,.,.,.,.,.,.,.,.,.,.,.,.,.,374
KB02H,302,"Diabetes with Hyperglycaemic Disorders, with CC Score 5-7",.,.,.,.,.,.,.,.,.,.,.,.,"4,884",.,.,.,.,"4,884"
KB02H,320,"Diabetes with Hyperglycaemic Disorders, with CC Score 5-7",.,.,.,.,.,.,.,.,.,.,.,.,.,.,799,.,.,799
KB02H,361,"Diabetes with Hyperglycaemic Disorders, with CC Score 5-7",.,.,.,.,.,409,.,.,.,.,.,.,.,.,.,.,.,409
KB02H,430,"Diabetes with Hyperglycaemic Disorders, with CC Score 5-7",.,.,.,.,.,.,.,.,.,.,.,.,654,.,.,.,.,654
KB02J,100,"Diabetes with Hyperglycaemic Disorders, with CC Score 2-4",457,.,.,.,.,.,.,.,.,.,.,.,388,.,.,.,.,845
KB02J,180,"Diabetes with Hyperglycaemic Disorders, with CC Score 2-4",.,.,.,.,.,.,.,.,.,.,225,.,306,.,.,.,.,531
KB02J,300,"Diabetes with Hyperglycaemic Disorders, with CC Score 2-4","15,779","16,671","2,020","4,536","2,287","2,410","1,055",.,"1,879",.,"5,502",.,"16,602",.,"10,545",.,"20,907","100,193"
KB02J,301,"Diabetes with Hyperglycaemic Disorders, with CC Score 2-4",.,374,.,.,.,.,.,.,.,.,.,.,.,.,.,.,.,374
KB02J,302,"Diabetes with Hyperglycaemic Disorders, with CC Score 2-4",.,.,.,.,.,.,.,.,.,.,.,.,"7,326",.,.,.,.,"7,326"
KB02J,430,"Diabetes with Hyperglycaemic Disorders, with CC Score 2-4",.,"2,223",.,.,.,.,.,.,.,.,388,.,"2,615",.,.,.,.,"5,225"
KB02K,100,"Diabetes with Hyperglycaemic Disorders, with CC Score 0-1",.,.,.,.,.,395,.,.,.,.,.,.,.,.,.,.,455,850
KB02K,180,"Diabetes with Hyperglycaemic Disorders, with CC Score 0-1",.,913,.,.,"1,789",.,.,.,.,.,225,.,306,.,.,.,.,"3,233"
KB02K,300,"Diabetes with Hyperglycaemic Disorders, with CC Score 0-1","22,353","19,111","4,444","5,443","4,248","3,917","1,055",.,"3,006",.,"18,644",.,"11,197",.,"9,541",.,"18,340","121,297"
KB02K,301,"Diabetes with Hyperglycaemic Disorders, with CC Score 0-1",.,"1,121",.,.,.,.,.,.,.,.,.,.,.,.,.,.,.,"1,121"
KB02K,302,"Diabetes with Hyperglycaemic Disorders, with CC Score 0-1",.,.,464,.,.,.,.,.,.,.,.,.,"11,233",.,.,.,.,"11,696"
KB02K,320,"Diabetes with Hyperglycaemic Disorders, with CC Score 0-1",.,845,.,.,.,.,701,.,.,.,.,.,.,.,.,.,.,"1,545"
KB02K,361,"Diabetes with Hyperglycaemic Disorders, with CC Score 0-1",521,.,.,.,.,.,.,.,.,.,.,.,.,.,.,.,.,521
KB02K,430,"Diabetes with Hyperglycaemic Disorders, with CC Score 0-1",.,"1,482",.,.,.,.,.,.,.,.,"1,551",.,.,.,.,.,.,"3,032"
KB03C,100,"Diabetes with Lower Limb Complications, with CC Score 9+",457,.,.,.,.,.,.,.,.,.,.,.,.,.,.,.,.,457
KB03C,300,"Diabetes with Lower Limb Complications, with CC Score 9+",438,813,.,.,.,.,.,.,.,.,.,.,.,.,.,.,734,"1,985"
KB03D,100,"Diabetes with Lower Limb Complications, with CC Score 5-8",457,.,.,.,438,.,.,.,.,.,.,.,.,.,.,.,.,895
KB03D,300,"Diabetes with Lower Limb Complications, with CC Score 5-8",.,"2,033",.,.,.,.,.,.,752,.,.,.,386,.,.,.,"3,668","6,839"
KB03E,100,"Diabetes with Lower Limb Complications, with CC Score 0-4",457,.,.,.,876,.,.,.,.,.,.,.,.,.,.,.,.,"1,333"
KB03E,120,"Diabetes with Lower Limb Complications, with CC Score 0-4",.,.,.,.,378,.,.,.,.,.,.,.,.,.,.,.,.,378
KB03E,180,"Diabetes with Lower Limb Complications, with CC Score 0-4",.,457,.,.,.,.,.,.,.,.,.,.,.,.,.,.,.,457
KB03E,300,"Diabetes with Lower Limb Complications, with CC Score 0-4",.,"3,253",.,.,.,.,.,.,376,.,.,.,386,.,502,.,734,"5,250"
KC04A,300,Inborn Errors of Metabolism with CC Score 3+,"1,315",813,.,454,.,.,.,.,.,.,.,.,772,.,.,.,"1,467","4,821"
KC04A,303,Inborn Errors of Metabolism with CC Score 3+,.,.,"3,560",.,.,.,.,.,.,.,.,.,.,.,.,.,.,"3,560"
KC04A,320,Inborn Errors of Metabolism with CC Score 3+,.,.,.,547,.,.,.,.,.,.,453,.,.,.,.,.,.,"1,000"
KC04A,361,Inborn Errors of Metabolism with CC Score 3+,521,.,.,.,.,.,.,.,.,.,.,.,.,.,.,.,.,521
KC04B,300,Inborn Errors of Metabolism with CC Score 0-2,438,813,"1,212",454,.,.,.,.,.,.,"1,055",.,"1,931",.,502,.,.,"6,405"
KC04B,430,Inborn Errors of Metabolism with CC Score 0-2,.,370,.,.,.,.,.,.,.,.,.,.,654,.,.,.,.,"1,024"
KC05G,300,"Fluid or Electrolyte Disorders, with Interventions, with CC Score 5+",.,.,.,.,.,.,.,.,.,.,"1,020",.,450,.,.,.,.,"1,471"
KC05H,300,"Fluid or Electrolyte Disorders, with Interventions, with CC Score 0-4",.,.,.,.,.,.,.,.,.,.,.,.,.,.,.,.,367,367
KC05J,100,"Fluid or Electrolyte Disorders, without Interventions, with CC Score 10+",.,.,.,.,.,791,.,.,.,.,.,.,.,.,.,.,.,791
KC05J,300,"Fluid or Electrolyte Disorders, without Interventions, with CC Score 10+","1,753","1,220",808,.,"1,307",.,528,.,752,.,"1,160",.,"1,158",.,"2,009",.,"5,135","15,829"
KC05J,361,"Fluid or Electrolyte Disorders, without Interventions, with CC Score 10+",.,.,704,.,.,.,.,.,.,.,.,.,.,.,.,.,.,704
KC05J,430,"Fluid or Electrolyte Disorders, without Interventions, with CC Score 10+",.,.,499,.,.,.,.,.,.,.,388,.,.,.,.,.,.,886
KC05K,100,"Fluid or Electrolyte Disorders, without Interventions, with CC Score 7-9",457,.,.,.,.,.,.,.,.,.,.,.,"1,164",.,.,.,.,"1,621"
KC05K,300,"Fluid or Electrolyte Disorders, without Interventions, with CC Score 7-9","2,630","15,045","5,252",907,"2,941",.,"2,638",.,752,.,"5,277",.,"14,656",.,"3,515",.,"22,007","75,619"
KC05K,301,"Fluid or Electrolyte Disorders, without Interventions, with CC Score 7-9",.,748,.,.,.,.,.,.,.,.,.,.,.,.,.,.,.,748
KC05K,320,"Fluid or Electrolyte Disorders, without Interventions, with CC Score 7-9",.,"1,267",.,.,.,.,701,.,.,.,.,.,.,.,"1,599",.,.,"3,566"
KC05K,340,"Fluid or Electrolyte Disorders, without Interventions, with CC Score 7-9",.,.,465,.,.,.,.,.,.,.,.,.,466,.,.,.,.,931
KC05K,361,"Fluid or Electrolyte Disorders, without Interventions, with CC Score 7-9",521,442,"1,408",.,.,409,.,.,.,.,.,.,.,.,.,.,.,"2,780"
KC05K,430,"Fluid or Electrolyte Disorders, without Interventions, with CC Score 7-9",368,"1,482",.,.,725,.,.,.,.,.,775,.,"1,307",.,644,.,.,"5,301"
KC05L,100,"Fluid or Electrolyte Disorders, without Interventions, with CC Score 4-6",.,.,.,.,438,791,.,.,.,.,.,.,"1,164",.,.,.,455,"2,847"
KC05L,180,"Fluid or Electrolyte Disorders, without Interventions, with CC Score 4-6",.,457,.,.,.,.,.,.,.,.,225,.,306,.,.,.,.,987
KC05L,300,"Fluid or Electrolyte Disorders, without Interventions, with CC Score 4-6","16,655","37,001","9,696","4,536","6,208","4,218","2,638",.,"9,770",.,"20,771",.,"33,189",.,"10,545",.,"43,281","198,510"
KC05L,301,"Fluid or Electrolyte Disorders, without Interventions, with CC Score 4-6",.,"1,495",.,.,.,.,.,.,.,.,.,.,.,.,.,.,.,"1,495"
KC05L,302,"Fluid or Electrolyte Disorders, without Interventions, with CC Score 4-6",.,.,.,.,.,.,.,.,.,.,.,.,"1,954",.,.,.,.,"1,954"
KC05L,320,"Fluid or Electrolyte Disorders, without Interventions, with CC Score 4-6","2,755",845,.,.,.,.,.,.,.,.,"1,359",.,611,.,"1,599",.,.,"7,168"
KC05L,340,"Fluid or Electrolyte Disorders, without Interventions, with CC Score 4-6",.,.,930,.,.,.,.,.,.,.,.,.,932,.,.,.,.,"1,862"
KC05L,361,"Fluid or Electrolyte Disorders, without Interventions, with CC Score 4-6","2,084",.,704,.,.,"1,228",.,.,.,.,.,.,.,.,.,.,.,"4,016"
KC05L,430,"Fluid or Electrolyte Disorders, without Interventions, with CC Score 4-6",737,"2,963",997,.,"1,450",.,.,.,.,.,"2,714",.,"12,420",.,"1,931",.,.,"23,212"
KC05M,100,"Fluid or Electrolyte Disorders, without Interventions, with CC Score 2-3",.,.,.,.,"1,314",395,.,.,.,.,.,.,388,.,.,.,.,"2,098"
KC05M,180,"Fluid or Electrolyte Disorders, without Interventions, with CC Score 2-3",.,457,.,.,894,.,.,.,.,.,225,.,918,.,.,.,.,"2,494"
KC05M,300,"Fluid or Electrolyte Disorders, without Interventions, with CC Score 2-3","15,340","35,375","9,292","5,897","4,248","2,109","2,638",.,"6,012",.,"24,140",.,"44,015",.,"15,064",.,"27,396","191,527"
KC05M,301,"Fluid or Electrolyte Disorders, without Interventions, with CC Score 2-3",.,"1,495",.,.,.,.,.,.,.,.,.,.,.,.,.,.,.,"1,495"
KC05M,302,"Fluid or Electrolyte Disorders, without Interventions, with CC Score 2-3",.,.,.,.,.,.,.,.,.,.,.,.,"2,442",.,.,.,.,"2,442"
KC05M,320,"Fluid or Electrolyte Disorders, without Interventions, with CC Score 2-3",.,.,.,547,.,.,.,.,.,.,.,.,.,.,799,552,456,"2,354"
KC05M,340,"Fluid or Electrolyte Disorders, without Interventions, with CC Score 2-3",.,.,465,.,.,.,.,.,.,.,.,.,932,.,.,.,.,"1,397"
KC05M,370,"Fluid or Electrolyte Disorders, without Interventions, with CC Score 2-3",.,.,655,.,.,.,.,.,.,.,.,.,.,.,.,.,.,655
KC05M,430,"Fluid or Electrolyte Disorders, without Interventions, with CC Score 2-3",368,"2,223",499,.,725,.,.,.,.,.,"1,551",.,"11,766",.,.,.,.,"17,131"
KC05N,100,"Fluid or Electrolyte Disorders, without Interventions, with CC Score 0-1",.,.,.,.,876,.,.,.,.,.,.,.,"1,552",.,.,.,"1,364","3,792"
KC05N,101,"Fluid or Electrolyte Disorders, without Interventions, with CC Score 0-1",.,.,675,.,.,.,.,.,.,.,.,.,.,.,.,.,.,675
KC05N,180,"Fluid or Electrolyte Disorders, without Interventions, with CC Score 0-1",.,913,.,.,"1,789",.,.,.,.,.,674,.,"1,224",.,.,.,.,"4,600"
KC05N,300,"Fluid or Electrolyte Disorders, without Interventions, with CC Score 0-1","8,328","8,132","9,688","4,082","3,921","3,013","1,055",.,"1,503",.,"20,825",.,"24,324",.,"6,026",.,"11,370","102,268"
KC05N,301,"Fluid or Electrolyte Disorders, without Interventions, with CC Score 0-1",.,748,.,.,.,.,.,.,.,.,.,.,.,.,.,.,.,748
KC05N,302,"Fluid or Electrolyte Disorders, without Interventions, with CC Score 0-1",.,.,.,.,.,.,.,.,.,.,.,.,488,.,.,.,.,488
KC05N,303,"Fluid or Electrolyte Disorders, without Interventions, with CC Score 0-1",.,.,712,.,.,.,.,.,.,.,.,.,.,.,.,.,.,712
KC05N,320,"Fluid or Electrolyte Disorders, without Interventions, with CC Score 0-1",689,422,.,.,385,"1,074",.,.,655,.,.,.,611,.,.,552,.,"4,388"
KC05N,340,"Fluid or Electrolyte Disorders, without Interventions, with CC Score 0-1",.,.,.,.,.,.,.,.,.,.,.,.,932,.,.,.,.,932
KC05N,430,"Fluid or Electrolyte Disorders, without Interventions, with CC Score 0-1",368,"2,593",997,.,.,.,.,.,.,.,"2,714",.,"7,844",.,.,.,.,"14,516"
KC05N,501,"Fluid or Electrolyte Disorders, without Interventions, with CC Score 0-1","1,028","1,910",.,.,.,.,.,.,.,.,.,.,479,.,.,.,"4,381","7,798"
LA01A,361,"Kidney Transplant, 19 years and over, from Cadaver Non Heart-Beating Donor",.,.,"7,320",.,.,.,.,.,.,.,.,.,.,.,.,.,.,"7,320"
LA02A,361,"Kidney Transplant, 19 years and over, from Cadaver Heart-Beating Donor",.,.,"6,349",.,.,.,.,.,.,.,.,.,.,.,.,.,.,"6,349"
LA04M,301,"Kidney or Urinary Tract Infections, with Interventions, with CC Score 0-2",.,374,.,.,.,.,.,.,.,.,.,.,.,.,.,.,.,374
LA04N,300,"Kidney or Urinary Tract Infections, without Interventions, with CC Score 13+",.,407,.,.,327,.,.,.,376,.,.,.,.,.,.,.,734,"1,843"
LA04P,100,"Kidney or Urinary Tract Infections, without Interventions, with CC Score 8-12",.,.,.,.,.,.,.,.,.,.,525,.,.,.,.,.,.,525
LA04P,180,"Kidney or Urinary Tract Infections, without Interventions, with CC Score 8-12",.,457,.,.,.,.,.,.,.,.,.,.,306,.,.,.,.,763
LA04P,300,"Kidney or Urinary Tract Infections, without Interventions, with CC Score 8-12","2,191","12,605","1,616",.,"2,614",603,.,.,"3,382",.,"1,441",.,"5,792",.,"3,515",.,"23,841","57,600"
LA04P,430,"Kidney or Urinary Tract Infections, without Interventions, with CC Score 8-12",368,"1,852","1,496",.,363,.,.,.,.,.,775,.,"1,961",.,.,.,895,"7,711"
LA04Q,100,"Kidney or Urinary Tract Infections, without Interventions, with CC Score 4-7",457,.,.,573,438,"1,186",.,.,.,.,525,.,776,.,.,.,455,"4,409"
LA04Q,101,"Kidney or Urinary Tract Infections, without Interventions, with CC Score 4-7",.,.,675,.,.,.,.,.,.,.,.,.,.,.,.,.,385,"1,060"
LA04Q,180,"Kidney or Urinary Tract Infections, without Interventions, with CC Score 4-7",.,457,.,.,894,.,.,.,.,.,.,.,306,.,.,.,.,"1,657"
LA04Q,300,"Kidney or Urinary Tract Infections, without Interventions, with CC Score 4-7","21,915","78,069","16,160","9,072","11,437","2,712",528,.,"12,401",.,"18,372",.,"54,555",.,"33,142",.,"89,497","347,857"
LA04Q,301,"Kidney or Urinary Tract Infections, without Interventions, with CC Score 4-7",.,748,.,.,.,.,.,.,.,.,.,.,.,.,.,.,.,748
LA04Q,320,"Kidney or Urinary Tract Infections, without Interventions, with CC Score 4-7",.,"1,689",568,547,.,.,.,.,.,.,.,.,.,.,799,.,.,"3,604"
LA04Q,340,"Kidney or Urinary Tract Infections, without Interventions, with CC Score 4-7",.,.,465,.,.,.,.,.,.,.,.,.,.,.,.,.,.,465
LA04Q,361,"Kidney or Urinary Tract Infections, without Interventions, with CC Score 4-7",521,.,"3,520",.,.,"1,228",.,.,.,.,.,.,.,.,.,.,.,"5,269"
LA04Q,430,"Kidney or Urinary Tract Infections, without Interventions, with CC Score 4-7","2,947","11,854","9,973",.,"3,988",.,.,.,.,719,"2,326",.,"26,146",.,"4,506",.,895,"63,354"
LA04Q,502,"Kidney or Urinary Tract Infections, without Interventions, with CC Score 4-7",.,.,.,.,730,.,.,.,.,.,.,.,.,.,.,.,.,730
LA04R,100,"Kidney or Urinary Tract Infections, without Interventions, with CC Score 2-3","1,827",.,.,"1,718","1,314","1,581",.,.,.,.,"2,102",.,"2,328",.,"1,294",.,"1,364","13,528"
LA04R,101,"Kidney or Urinary Tract Infections, without Interventions, with CC Score 2-3","1,130",.,"1,350",.,420,.,.,.,.,.,.,.,.,.,.,.,"1,540","4,439"
LA04R,180,"Kidney or Urinary Tract Infections, without Interventions, with CC Score 2-3",.,913,.,.,"2,683",.,.,.,.,.,.,.,"1,530",.,.,.,.,"5,127"
LA04R,300,"Kidney or Urinary Tract Infections, without Interventions, with CC Score 2-3","33,749","80,915","23,024","9,072","6,208","5,423","2,110",.,"12,025",.,"23,822",.,"93,436",.,"34,146",.,"80,327","404,257"
LA04R,301,"Kidney or Urinary Tract Infections, without Interventions, with CC Score 2-3",.,"2,243",.,.,.,.,.,.,.,.,.,.,.,.,.,.,.,"2,243"
LA04R,302,"Kidney or Urinary Tract Infections, without Interventions, with CC Score 2-3",.,.,.,.,.,.,.,.,.,.,.,.,977,.,.,.,.,977
LA04R,303,"Kidney or Urinary Tract Infections, without Interventions, with CC Score 2-3",.,.,712,.,.,.,.,.,.,.,.,.,.,.,.,.,.,712
LA04R,320,"Kidney or Urinary Tract Infections, without Interventions, with CC Score 2-3",689,"2,111",.,547,385,358,.,.,.,.,.,.,.,.,799,.,.,"4,889"
LA04R,340,"Kidney or Urinary Tract Infections, without Interventions, with CC Score 2-3",.,.,"2,251",.,.,714,.,.,.,.,.,.,932,.,.,.,.,"3,897"
LA04R,350,"Kidney or Urinary Tract Infections, without Interventions, with CC Score 2-3",.,.,.,.,.,.,.,.,.,.,.,.,"1,035",.,.,.,.,"1,035"
LA04R,361,"Kidney or Urinary Tract Infections, without Interventions, with CC Score 2-3",521,.,"4,927",.,.,"2,047",.,.,.,.,.,.,.,.,.,.,.,"7,495"
LA04R,420,"Kidney or Urinary Tract Infections, without Interventions, with CC Score 2-3",.,.,.,.,.,.,.,.,.,.,.,.,.,.,.,.,541,541
LA04R,430,"Kidney or Urinary Tract Infections, without Interventions, with CC Score 2-3","2,578","12,594","6,483",.,"2,538",.,.,.,732,"1,439","3,101",.,"37,259",.,"4,506",.,"1,194","72,423"
LA04R,502,"Kidney or Urinary Tract Infections, without Interventions, with CC Score 2-3",.,775,569,.,.,.,.,.,.,.,.,.,.,.,.,.,.,"1,343"
LA04S,100,"Kidney or Urinary Tract Infections, without Interventions, with CC Score 0-1","9,593","5,875",.,"4,008","3,505","5,534",.,.,.,.,"2,627",.,"18,626",.,"18,767",.,"3,182","71,716"
LA04S,101,"Kidney or Urinary Tract Infections, without Interventions, with CC Score 0-1","1,130",.,"3,374","1,314","2,518",.,.,.,.,.,.,.,.,.,.,.,"1,155","9,491"
LA04S,180,"Kidney or Urinary Tract Infections, without Interventions, with CC Score 0-1",.,"6,394",.,.,"13,414",.,.,.,.,.,"2,245",.,"10,713",.,.,.,.,"32,766"
LA04S,300,"Kidney or Urinary Tract Infections, without Interventions, with CC Score 0-1","29,366","95,146","27,873","14,061","7,515","5,423","2,638",.,"7,891",.,"42,164",.,"101,719",.,"30,129",.,"52,451","416,376"
LA04S,301,"Kidney or Urinary Tract Infections, without Interventions, with CC Score 0-1",.,"7,102",.,.,.,.,.,.,.,.,.,.,.,.,.,.,.,"7,102"
LA04S,302,"Kidney or Urinary Tract Infections, without Interventions, with CC Score 0-1",.,.,.,.,.,.,.,.,.,.,.,.,"2,442",.,.,.,.,"2,442"
LA04S,320,"Kidney or Urinary Tract Infections, without Interventions, with CC Score 0-1",.,"2,956",568,"1,641",770,"1,432",.,.,.,.,453,.,.,.,.,"1,104",.,"8,924"
LA04S,340,"Kidney or Urinary Tract Infections, without Interventions, with CC Score 0-1",.,.,.,.,.,.,.,.,.,.,.,.,466,.,.,.,.,466
LA04S,350,"Kidney or Urinary Tract Infections, without Interventions, with CC Score 0-1",.,.,.,.,.,.,.,.,.,.,.,.,"1,035",.,.,.,.,"1,035"
LA04S,361,"Kidney or Urinary Tract Infections, without Interventions, with CC Score 0-1",.,.,"7,743",.,.,"1,228",.,.,.,.,.,.,.,.,.,.,383,"9,355"
LA04S,370,"Kidney or Urinary Tract Infections, without Interventions, with CC Score 0-1",.,.,"2,830",.,.,.,.,.,.,.,.,.,.,.,.,.,.,"2,830"
LA04S,420,"Kidney or Urinary Tract Infections, without Interventions, with CC Score 0-1",.,.,.,.,.,.,.,.,.,.,.,.,.,.,.,.,541,541
LA04S,430,"Kidney or Urinary Tract Infections, without Interventions, with CC Score 0-1","1,105","9,631","3,989",.,.,.,.,.,.,.,"5,427",.,"38,566",.,644,.,298,"59,661"
LA04S,501,"Kidney or Urinary Tract Infections, without Interventions, with CC Score 0-1",.,.,.,.,.,.,.,.,.,.,.,.,.,.,.,.,"1,460","1,460"
LA04S,502,"Kidney or Urinary Tract Infections, without Interventions, with CC Score 0-1",.,.,569,794,"1,459",363,.,.,.,.,.,.,.,.,676,.,"1,088","4,949"
LA04S,823,"Kidney or Urinary Tract Infections, without Interventions, with CC Score 0-1",.,.,.,.,659,.,.,.,.,.,.,.,.,.,.,.,.,659
LA07H,300,"Acute Kidney Injury with Interventions, with CC Score 11+",.,.,.,.,.,.,.,.,.,.,"1,240",.,.,.,.,.,.,"1,240"
LA07J,300,"Acute Kidney Injury with Interventions, with CC Score 6-10",.,.,.,.,.,.,.,.,.,.,592,.,.,.,.,.,.,592
LA07K,300,"Acute Kidney Injury with Interventions, with CC Score 0-5",.,.,.,.,.,.,.,.,.,.,.,.,450,.,.,.,.,450
LA07L,300,"Acute Kidney Injury without Interventions, with CC Score 12+",.,"1,220",.,.,327,.,.,.,.,.,.,.,"1,158",.,.,.,734,"3,438"
LA07M,100,"Acute Kidney Injury without Interventions, with CC Score 8-11",.,.,.,.,.,.,.,.,.,.,525,.,.,.,.,.,.,525
LA07M,300,"Acute Kidney Injury without Interventions, with CC Score 8-11",.,"5,286","2,020",454,327,.,.,.,752,.,"2,906",.,"3,475",.,"1,506",.,"6,969","23,694"
LA07M,320,"Acute Kidney Injury without Interventions, with CC Score 8-11",.,.,.,.,.,.,.,.,.,.,.,.,.,.,799,.,.,799
LA07M,361,"Acute Kidney Injury without Interventions, with CC Score 8-11","3,126",.,.,.,.,"4,913",.,.,.,.,.,.,.,.,.,.,.,"8,039"
LA07M,430,"Acute Kidney Injury without Interventions, with CC Score 8-11",.,.,.,.,363,.,.,.,.,.,388,.,.,407,.,.,298,"1,456"
LA07N,100,"Acute Kidney Injury without Interventions, with CC Score 4-7","4,111",.,.,.,.,791,.,.,.,.,.,.,.,.,.,.,455,"5,357"
LA07N,101,"Acute Kidney Injury without Interventions, with CC Score 4-7",.,.,675,.,.,.,.,.,.,.,.,.,.,.,.,.,.,675
LA07N,300,"Acute Kidney Injury without Interventions, with CC Score 4-7","3,506","27,243","12,924","4,536","3,594",.,"1,583",.,"5,637",.,"8,690",.,"18,533",.,"3,515",.,"27,509","117,269"
LA07N,301,"Acute Kidney Injury without Interventions, with CC Score 4-7",.,374,.,.,.,.,.,.,.,.,.,.,.,.,.,.,.,374
LA07N,302,"Acute Kidney Injury without Interventions, with CC Score 4-7",.,.,.,.,.,.,.,.,.,.,.,.,488,.,.,.,.,488
LA07N,320,"Acute Kidney Injury without Interventions, with CC Score 4-7",689,422,568,547,.,.,.,.,.,.,.,.,.,.,.,.,.,"2,226"
LA07N,340,"Acute Kidney Injury without Interventions, with CC Score 4-7",.,.,.,.,.,.,.,.,.,.,.,.,466,.,.,.,.,466
LA07N,361,"Acute Kidney Injury without Interventions, with CC Score 4-7","32,302","1,326","11,967",.,.,"2,866",.,.,.,.,.,.,.,.,.,.,767,"49,227"
LA07N,370,"Acute Kidney Injury without Interventions, with CC Score 4-7",.,.,708,.,.,.,.,.,.,.,.,.,.,.,.,.,.,708
LA07N,430,"Acute Kidney Injury without Interventions, with CC Score 4-7",.,"1,482","1,995",.,363,.,.,.,.,.,"1,551",.,"5,229",.,644,.,298,"11,561"
LA07P,100,"Acute Kidney Injury without Interventions, with CC Score 0-3",.,"1,356",532,"1,145",876,.,.,.,.,.,525,.,776,.,.,.,.,"5,211"
LA07P,101,"Acute Kidney Injury without Interventions, with CC Score 0-3",.,.,.,657,.,.,.,.,.,.,.,.,.,.,.,.,.,657
LA07P,110,"Acute Kidney Injury without Interventions, with CC Score 0-3",.,.,.,.,.,.,.,.,.,.,.,.,612,.,.,.,.,612
LA07P,180,"Acute Kidney Injury without Interventions, with CC Score 0-3",.,"1,370",.,.,.,.,.,.,.,.,.,.,.,.,.,.,.,"1,370"
LA07P,300,"Acute Kidney Injury without Interventions, with CC Score 0-3","9,204","32,122","12,120","8,164","4,575","1,506",528,.,"1,879",.,"18,910",.,"43,629",.,"5,524",.,"31,544","169,705"
LA07P,301,"Acute Kidney Injury without Interventions, with CC Score 0-3",.,374,.,.,.,.,.,.,.,.,.,.,.,.,.,.,.,374
LA07P,302,"Acute Kidney Injury without Interventions, with CC Score 0-3",.,.,.,.,.,.,.,.,.,.,.,.,"1,465",.,.,.,.,"1,465"
LA07P,303,"Acute Kidney Injury without Interventions, with CC Score 0-3",.,.,"1,424",.,.,.,.,.,.,.,.,.,.,.,.,.,.,"1,424"
LA07P,320,"Acute Kidney Injury without Interventions, with CC Score 0-3",.,845,"1,136","1,641",770,.,.,.,.,.,"1,812",.,.,.,.,.,.,"6,203"
LA07P,340,"Acute Kidney Injury without Interventions, with CC Score 0-3",.,.,.,.,.,.,.,.,.,.,.,.,932,.,.,.,.,932
LA07P,350,"Acute Kidney Injury without Interventions, with CC Score 0-3",.,.,.,.,.,.,.,.,.,.,.,.,"1,035",.,.,.,.,"1,035"
LA07P,361,"Acute Kidney Injury without Interventions, with CC Score 0-3","2,605",442,"52,090",.,.,"1,228",.,.,.,.,.,.,.,.,.,.,"12,264","68,629"
LA07P,370,"Acute Kidney Injury without Interventions, with CC Score 0-3",.,.,708,.,.,.,.,.,.,.,.,.,.,.,.,.,.,708
LA07P,430,"Acute Kidney Injury without Interventions, with CC Score 0-3",368,"3,334","3,989",.,363,.,.,.,.,.,"1,551",.,"13,073",.,.,.,.,"22,678"
LA07P,502,"Acute Kidney Injury without Interventions, with CC Score 0-3",.,.,.,.,.,.,.,.,.,.,.,.,.,.,.,.,544,544
LA08K,300,"Chronic Kidney Disease without Interventions, with CC Score 11+",.,.,404,.,.,.,.,.,.,.,.,.,.,.,.,.,.,404
LA08K,361,"Chronic Kidney Disease without Interventions, with CC Score 11+",521,442,"5,631",.,.,.,.,.,.,.,.,.,.,.,.,.,.,"6,594"
LA08L,300,"Chronic Kidney Disease without Interventions, with CC Score 8-10",.,407,.,.,.,.,.,.,.,.,.,.,.,.,.,.,.,407
LA08L,361,"Chronic Kidney Disease without Interventions, with CC Score 8-10",.,442,"7,039",.,.,.,.,.,.,.,.,.,.,.,.,.,.,"7,481"
LA08L,430,"Chronic Kidney Disease without Interventions, with CC Score 8-10",.,370,.,.,.,.,.,.,.,.,.,.,.,.,.,.,.,370
LA08M,300,"Chronic Kidney Disease without Interventions, with CC Score 5-7",438,813,.,.,.,.,.,.,.,.,.,.,772,.,.,.,367,"2,391"
LA08M,361,"Chronic Kidney Disease without Interventions, with CC Score 5-7",.,"1,768","6,335",.,.,409,.,.,.,.,.,.,.,.,.,.,383,"8,896"
LA08N,300,"Chronic Kidney Disease without Interventions, with CC Score 3-4",877,813,.,.,.,.,.,.,.,.,.,.,.,.,.,.,367,"2,057"
LA08N,320,"Chronic Kidney Disease without Interventions, with CC Score 3-4",.,.,.,.,.,.,.,.,.,.,.,.,.,.,.,.,728,728
LA08N,361,"Chronic Kidney Disease without Interventions, with CC Score 3-4","1,563","1,326","4,224",.,.,"2,866",.,.,.,.,.,.,.,.,.,.,"1,533","11,511"
LA08N,430,"Chronic Kidney Disease without Interventions, with CC Score 3-4",.,370,.,.,.,.,.,.,.,.,.,.,.,.,.,.,.,370
LA08P,100,"Chronic Kidney Disease without Interventions, with CC Score 0-2",.,.,713,.,.,.,.,.,.,.,.,.,.,.,.,.,.,713
LA08P,180,"Chronic Kidney Disease without Interventions, with CC Score 0-2",.,.,.,.,.,.,.,.,.,.,.,.,306,.,.,.,.,306
LA08P,300,"Chronic Kidney Disease without Interventions, with CC Score 0-2",.,.,"3,228",.,327,.,.,.,.,.,.,.,"1,931",.,.,.,.,"5,485"
LA08P,361,"Chronic Kidney Disease without Interventions, with CC Score 0-2",.,.,"56,747",.,.,.,.,.,.,.,.,.,.,.,.,.,.,"56,747"
LA08P,430,"Chronic Kidney Disease without Interventions, with CC Score 0-2",.,.,"1,496",.,.,.,.,.,.,.,.,.,.,.,.,.,.,"1,496"
LA09M,300,"General Renal Disorders without Interventions, with CC Score 9+",.,.,404,.,.,.,.,.,.,.,.,.,.,.,.,.,.,404
LA09M,340,"General Renal Disorders without Interventions, with CC Score 9+",.,.,465,.,.,.,.,.,.,.,.,.,.,.,.,.,.,465
LA09N,300,"General Renal Disorders without Interventions, with CC Score 6-8",.,407,.,454,654,.,.,.,.,.,.,.,"1,931",.,502,.,367,"4,313"
LA09N,320,"General Renal Disorders without Interventions, with CC Score 6-8",.,.,.,547,.,.,.,.,.,.,.,.,.,.,.,.,.,547
LA09N,361,"General Renal Disorders without Interventions, with CC Score 6-8",.,442,.,.,.,.,.,.,.,.,.,.,.,.,.,.,.,442
LA09N,430,"General Renal Disorders without Interventions, with CC Score 6-8",.,.,.,.,.,.,.,.,.,.,.,.,"1,961",.,.,.,.,"1,961"
LA09P,100,"General Renal Disorders without Interventions, with CC Score 3-5",457,452,.,.,.,.,.,.,.,.,.,.,776,.,.,.,.,"1,685"
LA09P,101,"General Renal Disorders without Interventions, with CC Score 3-5",.,.,"1,350",.,.,.,.,.,.,.,.,.,.,.,.,.,.,"1,350"
LA09P,180,"General Renal Disorders without Interventions, with CC Score 3-5",.,.,.,.,894,.,.,.,.,.,.,.,306,.,.,.,.,"1,200"
LA09P,300,"General Renal Disorders without Interventions, with CC Score 3-5","1,315","1,220",808,907,.,.,.,.,.,.,"1,107",.,"3,861",.,"1,506",.,"5,502","16,226"
LA09P,320,"General Renal Disorders without Interventions, with CC Score 3-5",689,422,.,.,.,.,.,.,.,.,.,.,.,.,.,.,.,"1,111"
LA09P,361,"General Renal Disorders without Interventions, with CC Score 3-5","2,084",.,"3,520",.,.,.,.,.,.,.,.,.,.,.,.,.,383,"5,987"
LA09P,430,"General Renal Disorders without Interventions, with CC Score 3-5",.,370,997,.,.,.,.,.,.,.,.,.,654,.,.,.,.,"2,021"
LA09Q,100,"General Renal Disorders without Interventions, with CC Score 0-2","4,111","2,260",532,"10,305","2,628","3,558",.,.,.,.,525,.,"7,373",.,"5,824",.,"2,727","39,844"
LA09Q,101,"General Renal Disorders without Interventions, with CC Score 0-2","2,824",.,"8,772","1,971","5,875",.,.,.,.,.,.,.,.,.,.,.,"1,540","20,983"
LA09Q,180,"General Renal Disorders without Interventions, with CC Score 0-2",.,"6,851",.,.,894,.,.,.,.,.,"3,368",.,"17,753",.,.,.,.,"28,865"
LA09Q,300,"General Renal Disorders without Interventions, with CC Score 0-2","16,217","20,330","7,676","1,361",327,"1,205","1,055",.,"4,080",.,"14,197",.,"15,058",.,"5,021",.,"17,606","104,133"
LA09Q,301,"General Renal Disorders without Interventions, with CC Score 0-2",.,374,.,.,.,.,.,.,.,.,.,.,.,.,.,.,.,374
LA09Q,320,"General Renal Disorders without Interventions, with CC Score 0-2",.,.,.,547,.,.,.,.,.,.,.,.,611,.,799,.,.,"1,957"
LA09Q,361,"General Renal Disorders without Interventions, with CC Score 0-2","8,336",884,"3,520",.,.,819,.,.,.,.,.,.,.,.,.,.,383,"13,941"
LA09Q,430,"General Renal Disorders without Interventions, with CC Score 0-2",.,"1,482",.,.,.,.,.,.,.,.,"1,551",.,"2,615",.,.,.,.,"5,647"
LA09Q,501,"General Renal Disorders without Interventions, with CC Score 0-2",.,.,.,.,.,.,.,.,.,.,.,.,479,.,.,.,.,479
LA09Q,502,"General Renal Disorders without Interventions, with CC Score 0-2",.,.,.,.,"1,459",.,.,.,.,.,.,.,.,.,676,.,.,"2,135"
LA97A,100,"Same Day Dialysis Admission or Attendance, 19 years and over",.,.,.,.,438,.,.,.,.,.,.,.,.,.,.,.,.,438
LB05E,101,"Intermediate Percutaneous, Kidney or Ureter Procedures, 19 years and over, with CC Score 6+",.,.,"1,388",.,.,.,.,.,.,.,.,.,.,.,.,.,.,"1,388"
LB05E,300,"Intermediate Percutaneous, Kidney or Ureter Procedures, 19 years and over, with CC Score 6+",.,.,.,.,.,.,.,.,.,.,.,.,.,.,.,.,987,987
LB05F,101,"Intermediate Percutaneous, Kidney or Ureter Procedures, 19 years and over, with CC Score 3-5","3,936",.,"2,385",.,.,.,.,.,.,.,.,.,.,.,.,.,885,"7,206"
LB05F,300,"Intermediate Percutaneous, Kidney or Ureter Procedures, 19 years and over, with CC Score 3-5",877,.,.,.,.,.,.,.,.,.,.,.,.,.,.,.,.,877
LB05F,361,"Intermediate Percutaneous, Kidney or Ureter Procedures, 19 years and over, with CC Score 3-5",.,.,988,.,.,.,.,.,.,.,.,.,.,.,.,.,.,988
LB05G,101,"Intermediate Percutaneous, Kidney or Ureter Procedures, 19 years and over, with CC Score 0-2","5,905",.,"5,401",.,.,.,.,.,.,.,.,.,.,.,.,.,.,"11,306"
LB05G,300,"Intermediate Percutaneous, Kidney or Ureter Procedures, 19 years and over, with CC Score 0-2","1,315",.,.,.,.,.,.,.,.,.,.,.,.,.,.,.,972,"2,287"
LB05G,361,"Intermediate Percutaneous, Kidney or Ureter Procedures, 19 years and over, with CC Score 0-2","1,563",.,988,.,.,.,.,.,.,.,.,.,.,.,.,.,.,"2,551"
LB06K,320,"Kidney, Urinary Tract or Prostate Neoplasms, with Interventions, with CC Score 4-5",.,.,.,.,.,.,.,.,655,.,.,.,.,.,.,.,.,655
LB06N,361,"Kidney, Urinary Tract or Prostate Neoplasms, without Interventions, with CC Score 13+",.,.,704,.,.,.,.,.,.,.,.,.,.,.,.,.,.,704
LB06P,100,"Kidney, Urinary Tract or Prostate Neoplasms, without Interventions, with CC Score 7-12",457,.,.,.,.,.,.,.,.,.,.,.,.,.,.,.,.,457
LB06P,101,"Kidney, Urinary Tract or Prostate Neoplasms, without Interventions, with CC Score 7-12",.,.,675,.,.,.,.,.,.,.,.,.,.,.,.,.,.,675
LB06P,300,"Kidney, Urinary Tract or Prostate Neoplasms, without Interventions, with CC Score 7-12",.,813,"1,616",.,.,.,.,.,376,.,305,.,772,.,"1,004",.,"1,834","6,721"
LB06P,320,"Kidney, Urinary Tract or Prostate Neoplasms, without Interventions, with CC Score 7-12",.,.,.,547,.,.,.,.,.,.,.,.,.,.,.,.,.,547
LB06P,361,"Kidney, Urinary Tract or Prostate Neoplasms, without Interventions, with CC Score 7-12",.,.,704,.,.,.,.,.,.,.,.,.,.,.,.,.,.,704
LB06P,430,"Kidney, Urinary Tract or Prostate Neoplasms, without Interventions, with CC Score 7-12",.,.,.,.,.,.,.,.,.,.,.,.,654,.,.,.,597,"1,251"
LB06Q,100,"Kidney, Urinary Tract or Prostate Neoplasms, without Interventions, with CC Score 4-6",457,904,.,.,.,.,.,.,.,.,.,.,388,.,.,.,.,"1,749"
LB06Q,300,"Kidney, Urinary Tract or Prostate Neoplasms, without Interventions, with CC Score 4-6",.,"1,626","1,212",.,654,.,.,.,.,.,.,.,772,.,.,.,"4,035","8,299"
LB06Q,320,"Kidney, Urinary Tract or Prostate Neoplasms, without Interventions, with CC Score 4-6",.,.,.,.,.,.,.,.,.,.,.,.,.,.,799,.,.,799
LB06Q,370,"Kidney, Urinary Tract or Prostate Neoplasms, without Interventions, with CC Score 4-6",.,.,"2,070",.,.,.,.,.,.,.,.,.,.,.,.,.,.,"2,070"
LB06Q,430,"Kidney, Urinary Tract or Prostate Neoplasms, without Interventions, with CC Score 4-6",.,370,.,.,.,.,.,.,.,.,.,.,.,.,.,.,.,370
LB06R,100,"Kidney, Urinary Tract or Prostate Neoplasms, without Interventions, with CC Score 2-3","1,370",452,.,.,.,.,.,.,.,.,.,.,776,.,.,.,.,"2,599"
LB06R,101,"Kidney, Urinary Tract or Prostate Neoplasms, without Interventions, with CC Score 2-3",.,.,"4,049",.,420,.,.,.,.,.,.,.,.,.,.,.,385,"4,853"
LB06R,300,"Kidney, Urinary Tract or Prostate Neoplasms, without Interventions, with CC Score 2-3",438,407,404,.,.,.,.,.,.,.,334,.,"1,544",.,"1,004",.,"1,467","5,599"
LB06R,320,"Kidney, Urinary Tract or Prostate Neoplasms, without Interventions, with CC Score 2-3",.,.,.,"1,094",.,.,.,.,.,.,.,.,.,.,.,.,.,"1,094"
LB06R,370,"Kidney, Urinary Tract or Prostate Neoplasms, without Interventions, with CC Score 2-3",.,.,"2,123",.,.,.,.,.,.,.,.,.,.,.,.,.,.,"2,123"
LB06R,430,"Kidney, Urinary Tract or Prostate Neoplasms, without Interventions, with CC Score 2-3",.,.,.,.,.,.,.,.,.,.,.,.,654,.,.,.,.,654
LB06S,100,"Kidney, Urinary Tract or Prostate Neoplasms, without Interventions, with CC Score 0-1",.,.,.,.,.,.,.,.,.,.,.,.,388,.,.,.,909,"1,297"
LB06S,101,"Kidney, Urinary Tract or Prostate Neoplasms, without Interventions, with CC Score 0-1",.,.,"2,699",.,.,.,.,.,.,.,.,.,.,.,.,.,.,"2,699"
LB06S,300,"Kidney, Urinary Tract or Prostate Neoplasms, without Interventions, with CC Score 0-1",.,407,404,.,.,301,.,.,.,.,387,.,"1,158",.,.,.,"1,100","3,757"
LB06S,370,"Kidney, Urinary Tract or Prostate Neoplasms, without Interventions, with CC Score 0-1",.,.,"2,123",.,.,.,.,.,.,.,.,.,.,.,.,.,.,"2,123"
LB09C,171,"Intermediate Endoscopic Ureter Procedures, 18 years and under",.,.,.,.,.,.,.,.,.,.,.,.,"3,690",.,.,.,.,"3,690"
LB09D,100,"Intermediate Endoscopic Ureter Procedures, 19 years and over",.,.,.,"3,361",.,.,.,.,.,.,.,.,.,.,.,.,.,"3,361"
LB09D,101,"Intermediate Endoscopic Ureter Procedures, 19 years and over","10,776",.,"32,194","11,780",.,.,.,.,.,.,.,.,.,.,.,.,"2,670","57,421"
LB09D,300,"Intermediate Endoscopic Ureter Procedures, 19 years and over",.,.,"1,415",.,327,301,.,.,.,.,.,.,.,.,.,.,.,"2,043"
LB09D,430,"Intermediate Endoscopic Ureter Procedures, 19 years and over",.,.,"2,121",.,.,.,.,.,.,.,.,.,.,.,.,.,.,"2,121"
LB10C,300,"Major Open Bladder Procedures or Reconstruction, 19 years and over, with CC Score 2+",.,.,.,.,.,.,.,.,.,.,.,.,"3,169",.,.,.,.,"3,169"
LB10D,101,"Major Open Bladder Procedures or Reconstruction, 19 years and over, with CC Score 0-1",.,.,"5,242",.,.,.,.,.,.,.,.,.,.,.,.,.,.,"5,242"
LB13D,101,Major Endoscopic Bladder Procedures with CC Score 5-6,.,.,"1,188",.,.,.,.,.,.,.,.,.,.,.,.,.,.,"1,188"
LB13F,101,Major Endoscopic Bladder Procedures with CC Score 0-1,.,.,854,.,.,.,.,.,.,.,.,.,.,.,.,.,.,854
LB14Z,502,Intermediate Endoscopic Bladder Procedures,.,.,.,.,"1,516",.,.,.,.,.,.,.,.,.,.,.,.,"1,516"
LB15D,171,"Minor Bladder Procedures, 18 years and under",.,.,.,.,.,.,.,.,.,.,.,.,"1,726",.,.,.,.,"1,726"
LB15D,300,"Minor Bladder Procedures, 18 years and under",.,.,.,.,.,.,932,.,.,.,.,.,.,.,.,.,.,932
LB15D,420,"Minor Bladder Procedures, 18 years and under",.,.,.,.,.,.,.,.,.,.,.,.,.,.,.,.,993,993
LB15D,502,"Minor Bladder Procedures, 18 years and under",.,.,.,794,.,.,.,.,.,.,.,.,.,.,.,.,.,794
LB15E,100,"Minor Bladder Procedures, 19 years and over","7,306","3,164",.,"8,585",690,"6,822",.,.,.,.,614,.,.,.,"5,919",.,"6,107","39,206"
LB15E,101,"Minor Bladder Procedures, 19 years and over","11,008",.,"21,829","2,250","11,648",.,.,.,.,.,.,.,.,.,.,.,"6,716","53,450"
LB15E,180,"Minor Bladder Procedures, 19 years and over",.,913,.,.,"1,789",.,.,.,.,.,.,.,.,.,.,.,.,"2,702"
LB15E,300,"Minor Bladder Procedures, 19 years and over","6,574","4,066","6,786",907,.,.,"1,864",.,"4,810",.,"1,025",.,.,.,"1,506",.,"16,277","43,815"
LB15E,301,"Minor Bladder Procedures, 19 years and over",.,374,.,.,.,.,.,.,.,.,.,.,.,.,.,.,.,374
LB15E,302,"Minor Bladder Procedures, 19 years and over",.,.,473,.,.,.,.,.,.,.,.,.,.,.,.,.,.,473
LB15E,303,"Minor Bladder Procedures, 19 years and over",.,.,791,.,.,.,.,.,.,.,.,.,.,.,.,.,.,791
LB15E,320,"Minor Bladder Procedures, 19 years and over",.,.,.,.,"2,270",.,.,.,655,.,.,.,.,.,.,.,758,"3,684"
LB15E,361,"Minor Bladder Procedures, 19 years and over",.,.,"1,744",.,.,.,.,.,.,.,.,.,.,.,.,.,.,"1,744"
LB15E,430,"Minor Bladder Procedures, 19 years and over",.,"1,852","1,806",.,.,.,.,.,.,.,.,.,.,407,.,.,.,"4,065"
LB15E,501,"Minor Bladder Procedures, 19 years and over",.,.,.,.,"1,878",.,.,.,.,.,.,.,.,.,.,.,.,"1,878"
LB15E,502,"Minor Bladder Procedures, 19 years and over",.,775,.,"1,588",979,.,.,.,.,.,.,.,.,.,.,.,999,"4,341"
LB16D,300,"Urinary Incontinence or Other Urinary Problems, with Interventions, with CC Score 7+",.,.,.,.,.,.,.,.,.,.,.,.,.,.,502,.,.,502
LB16G,100,"Urinary Incontinence or Other Urinary Problems, without Interventions, with CC Score 8+",457,.,.,.,.,.,.,.,.,.,.,.,.,.,.,.,.,457
LB16G,300,"Urinary Incontinence or Other Urinary Problems, without Interventions, with CC Score 8+",.,"1,626",.,.,327,.,.,.,.,.,387,.,.,.,"1,004",.,"3,301","6,645"
LB16G,430,"Urinary Incontinence or Other Urinary Problems, without Interventions, with CC Score 8+",.,.,499,.,363,.,.,.,.,.,.,.,.,.,.,.,597,"1,458"
LB16H,100,"Urinary Incontinence or Other Urinary Problems, without Interventions, with CC Score 5-7",457,.,.,"1,718",.,.,.,.,.,.,.,.,.,.,647,.,.,"2,821"
LB16H,101,"Urinary Incontinence or Other Urinary Problems, without Interventions, with CC Score 5-7",.,.,.,"1,971",.,.,.,.,.,.,.,.,.,.,.,.,385,"2,356"
LB16H,300,"Urinary Incontinence or Other Urinary Problems, without Interventions, with CC Score 5-7",877,"1,626","1,212",454,327,301,528,.,.,.,.,.,"1,544",.,.,.,"2,568","9,436"
LB16H,430,"Urinary Incontinence or Other Urinary Problems, without Interventions, with CC Score 5-7",.,.,499,.,.,.,.,.,.,.,388,.,654,.,.,.,.,"1,540"
LB16J,100,"Urinary Incontinence or Other Urinary Problems, without Interventions, with CC Score 2-4","1,370",904,.,"1,718",876,"1,581",.,.,.,.,.,.,388,.,647,.,"1,364","8,848"
LB16J,101,"Urinary Incontinence or Other Urinary Problems, without Interventions, with CC Score 2-4","1,130",.,"5,398","2,629",420,.,.,.,.,.,.,.,.,.,.,.,"1,155","10,731"
LB16J,180,"Urinary Incontinence or Other Urinary Problems, without Interventions, with CC Score 2-4",.,457,.,.,.,.,.,.,.,.,.,.,.,.,.,.,.,457
LB16J,300,"Urinary Incontinence or Other Urinary Problems, without Interventions, with CC Score 2-4","1,753","1,626","1,616",.,327,.,.,.,.,.,"1,107",.,"2,317",.,"1,004",.,"5,502","15,252"
LB16J,320,"Urinary Incontinence or Other Urinary Problems, without Interventions, with CC Score 2-4",.,.,.,.,.,.,.,.,.,.,453,.,.,.,.,.,.,453
LB16J,340,"Urinary Incontinence or Other Urinary Problems, without Interventions, with CC Score 2-4",.,.,465,.,.,.,.,.,.,.,.,.,.,.,.,.,.,465
LB16J,430,"Urinary Incontinence or Other Urinary Problems, without Interventions, with CC Score 2-4",.,741,997,.,363,.,.,.,.,.,.,.,.,.,.,.,298,"2,399"
LB16J,502,"Urinary Incontinence or Other Urinary Problems, without Interventions, with CC Score 2-4",.,.,.,794,730,.,.,.,.,.,.,.,.,.,.,.,.,"1,524"
LB16K,100,"Urinary Incontinence or Other Urinary Problems, without Interventions, with CC Score 0-1","2,284","1,808",.,"2,863",876,.,.,.,.,.,525,.,.,.,"1,294",.,"1,364","11,014"
LB16K,101,"Urinary Incontinence or Other Urinary Problems, without Interventions, with CC Score 0-1","1,695",.,"4,782","2,629","2,518",.,.,.,.,.,.,.,.,.,.,.,"4,620","16,244"
LB16K,110,"Urinary Incontinence or Other Urinary Problems, without Interventions, with CC Score 0-1",.,.,.,.,.,.,.,608,.,.,.,.,612,.,.,.,.,"1,219"
LB16K,180,"Urinary Incontinence or Other Urinary Problems, without Interventions, with CC Score 0-1",.,"1,827",.,.,.,.,.,.,.,.,225,.,306,.,.,.,.,"2,358"
LB16K,300,"Urinary Incontinence or Other Urinary Problems, without Interventions, with CC Score 0-1",877,813,808,.,.,603,.,.,.,.,334,.,"3,089",.,502,.,"1,100","8,126"
LB16K,320,"Urinary Incontinence or Other Urinary Problems, without Interventions, with CC Score 0-1",.,.,"1,705",.,.,.,.,.,.,.,.,.,.,.,.,552,.,"2,257"
LB16K,501,"Urinary Incontinence or Other Urinary Problems, without Interventions, with CC Score 0-1","1,028",955,.,.,.,.,.,.,.,.,.,.,479,.,.,.,"1,460","3,923"
LB16K,502,"Urinary Incontinence or Other Urinary Problems, without Interventions, with CC Score 0-1",.,775,569,794,"2,919",363,.,.,.,.,.,.,.,.,.,.,"1,632","7,052"
LB18Z,100,Attention to Suprapubic Bladder Catheter,"3,196","1,696",.,"2,290",.,"7,497",.,.,.,.,.,.,.,.,"7,892",.,820,"23,390"
LB18Z,101,Attention to Suprapubic Bladder Catheter,"4,364",.,"2,376",657,982,.,.,.,.,.,.,.,.,.,.,.,"3,297","11,676"
LB18Z,171,Attention to Suprapubic Bladder Catheter,.,.,.,.,.,.,.,.,.,.,.,.,"1,635",.,.,.,.,"1,635"
LB18Z,300,Attention to Suprapubic Bladder Catheter,.,407,400,.,.,.,.,.,.,.,.,.,.,.,"1,004",.,745,"2,556"
LB18Z,361,Attention to Suprapubic Bladder Catheter,.,.,767,.,.,409,.,.,.,.,.,.,.,.,.,.,.,"1,176"
LB18Z,430,Attention to Suprapubic Bladder Catheter,.,.,452,.,.,.,.,.,.,.,.,.,.,.,.,.,.,452
LB19E,100,"Ureteric or Bladder Disorders, without Interventions, with CC Score 5+","1,370",.,.,.,.,.,.,.,.,.,.,.,.,.,647,.,.,"2,018"
LB19E,430,"Ureteric or Bladder Disorders, without Interventions, with CC Score 5+",.,.,.,.,.,.,.,.,.,.,.,.,.,.,644,.,.,644
LB19F,100,"Ureteric or Bladder Disorders, without Interventions, with CC Score 2-4",457,.,.,.,.,.,.,.,.,.,.,.,"1,164",.,647,.,.,"2,268"
LB19F,101,"Ureteric or Bladder Disorders, without Interventions, with CC Score 2-4",.,.,"2,699",.,.,.,.,.,.,.,.,.,.,.,.,.,.,"2,699"
LB19F,300,"Ureteric or Bladder Disorders, without Interventions, with CC Score 2-4",.,.,.,454,.,.,.,.,.,.,.,.,772,.,.,.,367,"1,593"
LB19G,100,"Ureteric or Bladder Disorders, without Interventions, with CC Score 0-1",457,.,.,.,876,.,.,.,.,.,.,.,776,.,.,.,455,"2,564"
LB19G,101,"Ureteric or Bladder Disorders, without Interventions, with CC Score 0-1",.,.,"2,024",.,420,.,.,.,.,.,.,.,.,.,.,.,385,"2,829"
LB20E,101,"Infection or Mechanical Problems Related to Genito-Urinary Prostheses, Implants or Grafts, without Interventions, with CC Score 7+",.,.,.,657,.,.,.,.,.,.,.,.,.,.,.,.,.,657
LB20E,180,"Infection or Mechanical Problems Related to Genito-Urinary Prostheses, Implants or Grafts, without Interventions, with CC Score 7+",.,.,.,.,894,.,.,.,.,.,.,.,.,.,.,.,.,894
LB20E,300,"Infection or Mechanical Problems Related to Genito-Urinary Prostheses, Implants or Grafts, without Interventions, with CC Score 7+",.,"2,846","1,212",454,"1,961",.,528,.,376,.,.,.,386,.,.,.,"2,934","10,696"
LB20E,340,"Infection or Mechanical Problems Related to Genito-Urinary Prostheses, Implants or Grafts, without Interventions, with CC Score 7+",.,.,465,.,.,.,.,.,.,.,.,.,.,.,.,.,.,465
LB20E,430,"Infection or Mechanical Problems Related to Genito-Urinary Prostheses, Implants or Grafts, without Interventions, with CC Score 7+",.,"1,111",499,.,.,.,.,.,.,.,.,.,.,.,.,.,.,"1,610"
LB20F,100,"Infection or Mechanical Problems Related to Genito-Urinary Prostheses, Implants or Grafts, without Interventions, with CC Score 2-6",457,904,.,"2,290",.,.,.,.,.,.,.,.,388,.,.,.,.,"4,039"
LB20F,101,"Infection or Mechanical Problems Related to Genito-Urinary Prostheses, Implants or Grafts, without Interventions, with CC Score 2-6","1,695",.,675,"1,314","1,259",.,.,.,.,.,.,.,.,.,.,.,"1,540","6,483"
LB20F,180,"Infection or Mechanical Problems Related to Genito-Urinary Prostheses, Implants or Grafts, without Interventions, with CC Score 2-6",.,"1,370",.,.,.,.,.,.,.,.,.,.,.,.,.,.,.,"1,370"
LB20F,300,"Infection or Mechanical Problems Related to Genito-Urinary Prostheses, Implants or Grafts, without Interventions, with CC Score 2-6",438,"8,945",404,"1,361",654,904,.,.,.,.,305,.,772,.,.,.,"7,336","21,119"
LB20F,320,"Infection or Mechanical Problems Related to Genito-Urinary Prostheses, Implants or Grafts, without Interventions, with CC Score 2-6",.,.,.,547,.,358,.,.,.,.,.,.,.,.,.,.,.,905
LB20F,430,"Infection or Mechanical Problems Related to Genito-Urinary Prostheses, Implants or Grafts, without Interventions, with CC Score 2-6",.,741,.,.,363,.,.,.,.,.,.,.,654,.,.,.,298,"2,055"
LB20G,100,"Infection or Mechanical Problems Related to Genito-Urinary Prostheses, Implants or Grafts, without Interventions, with CC Score 0-1",457,904,.,"1,718",.,"1,186",.,.,.,.,.,.,388,.,.,.,.,"4,652"
LB20G,101,"Infection or Mechanical Problems Related to Genito-Urinary Prostheses, Implants or Grafts, without Interventions, with CC Score 0-1",565,.,"1,350",657,839,.,.,.,.,.,.,.,.,.,.,.,385,"3,796"
LB20G,180,"Infection or Mechanical Problems Related to Genito-Urinary Prostheses, Implants or Grafts, without Interventions, with CC Score 0-1",.,"3,197",.,.,"1,789",.,.,.,.,.,.,.,.,.,.,.,.,"4,986"
LB20G,300,"Infection or Mechanical Problems Related to Genito-Urinary Prostheses, Implants or Grafts, without Interventions, with CC Score 0-1",.,"4,066",404,454,327,.,.,.,.,.,387,.,"2,703",.,.,.,367,"8,706"
LB20G,301,"Infection or Mechanical Problems Related to Genito-Urinary Prostheses, Implants or Grafts, without Interventions, with CC Score 0-1",.,374,.,.,.,.,.,.,.,.,.,.,.,.,.,.,.,374
LB26A,101,"Intermediate Endoscopic, Prostate or Bladder Neck Procedures (Male and Female), with CC Score 2+","1,617",.,.,.,.,.,.,.,.,.,.,.,.,.,.,.,.,"1,617"
LB27Z,101,"Minor Endoscopic, Prostate or Bladder Neck Procedures (Male)",939,.,"1,552",.,"3,728",.,.,.,.,.,.,.,.,.,.,.,.,"6,218"
LB28E,101,"Non-Malignant Prostate Disorders without Interventions, with CC Score 6+",.,.,"1,350",.,.,.,.,.,.,.,.,.,.,.,.,.,.,"1,350"
LB28E,300,"Non-Malignant Prostate Disorders without Interventions, with CC Score 6+",.,.,404,.,.,.,.,.,.,.,387,.,.,.,.,.,.,791
LB28E,430,"Non-Malignant Prostate Disorders without Interventions, with CC Score 6+",.,.,499,.,.,.,.,.,.,.,.,.,.,.,.,.,.,499
LB28F,100,"Non-Malignant Prostate Disorders without Interventions, with CC Score 3-5",.,452,.,.,.,.,.,.,.,.,.,.,.,.,.,.,.,452
LB28F,300,"Non-Malignant Prostate Disorders without Interventions, with CC Score 3-5",877,.,.,.,.,.,.,.,.,.,334,.,.,.,.,.,.,"1,211"
LB28G,100,"Non-Malignant Prostate Disorders without Interventions, with CC Score 0-2",914,.,.,.,.,.,.,.,.,.,.,.,.,.,647,.,.,"1,561"
LB28G,101,"Non-Malignant Prostate Disorders without Interventions, with CC Score 0-2",.,.,675,657,420,.,.,.,.,.,.,.,.,.,.,.,.,"1,752"
LB28G,300,"Non-Malignant Prostate Disorders without Interventions, with CC Score 0-2",877,407,.,.,.,.,.,.,.,.,.,.,.,.,502,.,.,"1,785"
LB35C,100,"Scrotum, Testis or Vas Deferens Disorders, with Interventions, with CC Score 2+",.,.,"1,847",.,.,.,.,.,.,.,.,.,.,.,.,.,.,"1,847"
LB35D,100,"Scrotum, Testis or Vas Deferens Disorders, with Interventions, with CC Score 0-1",.,.,.,.,.,.,.,.,.,.,.,.,.,.,"2,636",.,.,"2,636"
LB35E,100,"Scrotum, Testis or Vas Deferens Disorders, without Interventions, with CC Score 6+",.,.,"2,661",.,.,.,.,.,.,.,.,.,.,.,.,.,.,"2,661"
LB35E,300,"Scrotum, Testis or Vas Deferens Disorders, without Interventions, with CC Score 6+",.,.,.,.,.,.,.,.,376,.,.,.,.,.,502,.,.,878
LB35E,370,"Scrotum, Testis or Vas Deferens Disorders, without Interventions, with CC Score 6+",.,.,708,.,.,.,.,.,.,.,.,.,.,.,.,.,.,708
LB35F,100,"Scrotum, Testis or Vas Deferens Disorders, without Interventions, with CC Score 3-5",.,452,.,.,.,395,.,.,.,.,525,.,.,.,647,.,.,"2,020"
LB35F,101,"Scrotum, Testis or Vas Deferens Disorders, without Interventions, with CC Score 3-5",.,.,675,657,.,.,.,.,.,.,.,.,.,.,.,.,.,"1,332"
LB35F,180,"Scrotum, Testis or Vas Deferens Disorders, without Interventions, with CC Score 3-5",.,457,.,.,894,.,.,.,.,.,.,.,.,.,.,.,.,"1,351"
LB35F,300,"Scrotum, Testis or Vas Deferens Disorders, without Interventions, with CC Score 3-5",438,407,808,.,.,.,.,.,.,.,387,.,386,.,.,.,"1,467","3,893"
LB35F,370,"Scrotum, Testis or Vas Deferens Disorders, without Interventions, with CC Score 3-5",.,.,"1,415",.,.,.,.,.,.,.,.,.,.,.,.,.,.,"1,415"
LB35G,100,"Scrotum, Testis or Vas Deferens Disorders, without Interventions, with CC Score 1-2","5,253","1,808",.,"2,290",.,"2,767",.,.,.,.,.,.,"1,164",.,"1,941",.,909,"16,132"
LB35G,101,"Scrotum, Testis or Vas Deferens Disorders, without Interventions, with CC Score 1-2",565,.,"4,049","1,971",420,.,.,.,.,.,.,.,.,.,.,.,"1,155","8,160"
LB35G,300,"Scrotum, Testis or Vas Deferens Disorders, without Interventions, with CC Score 1-2",438,.,.,.,.,.,.,.,376,.,.,.,.,.,.,.,.,814
LB35G,370,"Scrotum, Testis or Vas Deferens Disorders, without Interventions, with CC Score 1-2",.,.,"1,415",.,.,.,.,.,.,.,.,.,.,.,.,.,.,"1,415"
LB35H,100,"Scrotum, Testis or Vas Deferens Disorders, without Interventions, with CC Score 0","10,507","11,299",.,"6,870","1,314","2,372",.,.,.,.,525,.,"1,164",.,"7,766",.,"3,636","45,453"
LB35H,101,"Scrotum, Testis or Vas Deferens Disorders, without Interventions, with CC Score 0","1,130",.,"14,963",.,"2,518",.,.,.,.,.,.,.,.,.,.,.,"2,310","20,920"
LB35H,180,"Scrotum, Testis or Vas Deferens Disorders, without Interventions, with CC Score 0",.,457,.,.,"1,789",.,.,.,.,.,.,.,.,.,.,.,.,"2,245"
LB35H,300,"Scrotum, Testis or Vas Deferens Disorders, without Interventions, with CC Score 0",877,407,.,.,.,.,.,.,.,.,.,.,772,.,.,.,.,"2,055"
LB36Z,101,Extracorporeal Lithotripsy,.,.,907,.,"2,426",.,.,.,.,.,.,.,.,.,.,.,.,"3,333"
LB37C,101,Miscellaneous Urinary Tract Findings with CC Score 5+,.,.,675,.,.,.,.,.,.,.,.,.,.,.,.,.,.,675
LB37C,300,Miscellaneous Urinary Tract Findings with CC Score 5+,438,.,.,.,980,.,.,.,.,.,.,.,.,.,.,.,"1,834","3,253"
LB37C,430,Miscellaneous Urinary Tract Findings with CC Score 5+,368,.,499,.,.,.,.,.,.,.,.,.,.,.,.,.,.,867
LB37D,100,Miscellaneous Urinary Tract Findings with CC Score 2-4,.,.,.,.,.,.,.,.,.,.,.,.,.,.,"1,294",.,.,"1,294"
LB37D,101,Miscellaneous Urinary Tract Findings with CC Score 2-4,565,.,675,.,.,.,.,.,.,.,.,.,.,.,.,.,385,"1,625"
LB37D,300,Miscellaneous Urinary Tract Findings with CC Score 2-4,877,407,404,.,.,.,.,.,.,.,721,.,772,.,.,.,734,"3,914"
LB37E,100,Miscellaneous Urinary Tract Findings with CC Score 0-1,457,.,.,"4,008",.,.,.,.,.,.,.,.,.,.,.,.,.,"4,464"
LB37E,101,Miscellaneous Urinary Tract Findings with CC Score 0-1,.,.,"2,699","1,314",.,.,.,.,.,.,.,.,.,.,.,.,.,"4,013"
LB37E,180,Miscellaneous Urinary Tract Findings with CC Score 0-1,.,.,.,.,.,.,.,.,.,.,225,.,612,.,.,.,.,837
LB37E,300,Miscellaneous Urinary Tract Findings with CC Score 0-1,"1,315",.,404,.,.,.,.,.,.,.,305,.,772,.,.,.,.,"2,796"
LB37E,501,Miscellaneous Urinary Tract Findings with CC Score 0-1,.,.,.,.,.,"1,013",.,.,.,.,.,.,.,.,.,.,730,"1,743"
LB38F,100,"Unspecified Haematuria without Interventions, with CC Score 8+",.,.,.,573,.,.,.,.,.,.,.,.,.,.,647,.,455,"1,674"
LB38F,101,"Unspecified Haematuria without Interventions, with CC Score 8+",.,.,675,.,.,.,.,.,.,.,.,.,.,.,.,.,.,675
LB38F,300,"Unspecified Haematuria without Interventions, with CC Score 8+",877,813,.,.,327,.,.,.,.,.,.,.,.,.,"1,004",.,367,"3,388"
LB38F,320,"Unspecified Haematuria without Interventions, with CC Score 8+",.,.,.,.,.,.,.,.,.,.,.,.,.,.,.,.,456,456
LB38F,430,"Unspecified Haematuria without Interventions, with CC Score 8+",.,370,.,.,.,.,.,.,.,.,.,.,.,.,.,.,.,370
LB38G,100,"Unspecified Haematuria without Interventions, with CC Score 4-7","3,198",.,.,"1,718",.,.,.,.,.,.,.,.,.,.,"1,294",.,.,"6,210"
LB38G,101,"Unspecified Haematuria without Interventions, with CC Score 4-7",565,.,"2,024",657,.,.,.,.,.,.,.,.,.,.,.,.,.,"3,246"
LB38G,300,"Unspecified Haematuria without Interventions, with CC Score 4-7",438,407,.,.,.,.,.,.,.,.,.,.,.,.,502,.,"1,467","2,814"
LB38G,340,"Unspecified Haematuria without Interventions, with CC Score 4-7",.,.,465,.,.,.,.,.,.,.,.,.,.,.,.,.,.,465
LB38H,100,"Unspecified Haematuria without Interventions, with CC Score 0-3","8,680","2,260",.,"6,298",438,"1,976",.,.,.,.,.,.,388,.,"1,941",.,"1,364","23,345"
LB38H,101,"Unspecified Haematuria without Interventions, with CC Score 0-3","2,824",.,"15,520",657,"1,678",.,.,.,.,.,.,.,.,.,.,.,"5,391","26,071"
LB38H,110,"Unspecified Haematuria without Interventions, with CC Score 0-3",519,.,.,.,.,.,.,.,.,.,.,.,.,.,.,.,.,519
LB38H,180,"Unspecified Haematuria without Interventions, with CC Score 0-3",.,"1,370",.,.,"1,789",.,.,.,.,.,674,.,306,.,.,.,.,"4,138"
LB38H,300,"Unspecified Haematuria without Interventions, with CC Score 0-3","1,753","1,626","3,636",454,327,.,.,.,752,.,"1,107",.,"2,317",.,.,.,"2,568","14,539"
LB38H,320,"Unspecified Haematuria without Interventions, with CC Score 0-3",.,.,.,.,.,.,.,.,.,.,.,.,.,.,.,.,456,456
LB38H,340,"Unspecified Haematuria without Interventions, with CC Score 0-3",.,.,465,.,.,.,.,.,.,.,.,.,.,.,.,.,.,465
LB38H,430,"Unspecified Haematuria without Interventions, with CC Score 0-3",.,370,.,.,.,.,.,.,.,.,388,.,"1,307",.,.,.,.,"2,065"
LB38H,501,"Unspecified Haematuria without Interventions, with CC Score 0-3",.,.,.,.,939,.,.,.,.,.,.,.,.,.,.,.,730,"1,669"
LB38H,502,"Unspecified Haematuria without Interventions, with CC Score 0-3",.,.,569,.,.,726,.,.,.,.,.,.,.,.,.,.,.,"1,295"
LB40E,100,"Urinary Tract Stone Disease without Interventions, with CC Score 6+",457,.,.,.,.,.,.,.,.,.,.,.,.,.,647,.,.,"1,104"
LB40E,101,"Urinary Tract Stone Disease without Interventions, with CC Score 6+",565,.,.,.,.,.,.,.,.,.,.,.,.,.,.,.,385,950
LB40E,300,"Urinary Tract Stone Disease without Interventions, with CC Score 6+",.,.,808,.,.,.,.,.,.,.,.,.,.,.,.,.,.,808
LB40F,100,"Urinary Tract Stone Disease without Interventions, with CC Score 3-5","1,370",452,.,573,.,791,.,.,.,.,525,.,"1,552",.,.,.,.,"5,263"
LB40F,101,"Urinary Tract Stone Disease without Interventions, with CC Score 3-5",565,.,"4,724",657,839,.,.,.,.,.,.,.,.,.,.,.,770,"7,555"
LB40F,180,"Urinary Tract Stone Disease without Interventions, with CC Score 3-5",.,913,.,.,.,.,.,.,.,.,.,.,306,.,.,.,.,"1,220"
LB40F,300,"Urinary Tract Stone Disease without Interventions, with CC Score 3-5",.,813,808,.,327,.,.,.,.,.,.,.,"2,317",.,.,.,367,"4,631"
LB40F,301,"Urinary Tract Stone Disease without Interventions, with CC Score 3-5",.,374,.,.,.,.,.,.,.,.,.,.,.,.,.,.,.,374
LB40F,320,"Urinary Tract Stone Disease without Interventions, with CC Score 3-5",.,.,.,.,.,.,.,.,.,.,.,.,611,.,.,.,.,611
LB40G,100,"Urinary Tract Stone Disease without Interventions, with CC Score 0-2","18,730","10,395",532,"16,030","6,133","16,602",.,.,.,.,"2,102",.,"3,492",.,"27,179",.,"12,272","113,467"
LB40G,101,"Urinary Tract Stone Disease without Interventions, with CC Score 0-2","14,121",.,"37,114","11,171","22,462",.,.,.,.,.,.,.,.,.,.,.,"11,551","96,420"
LB40G,180,"Urinary Tract Stone Disease without Interventions, with CC Score 0-2",.,"74,448",.,.,"11,626",.,.,.,.,.,"6,286",.,"26,629",.,.,.,.,"118,988"
LB40G,300,"Urinary Tract Stone Disease without Interventions, with CC Score 0-2",877,"3,659","3,232",.,327,.,.,.,"1,127",.,"1,799",.,"1,158",.,502,.,367,"13,048"
LB40G,320,"Urinary Tract Stone Disease without Interventions, with CC Score 0-2",.,422,.,547,.,.,.,.,.,.,.,.,.,.,.,.,.,969
LB40G,361,"Urinary Tract Stone Disease without Interventions, with CC Score 0-2",.,.,"1,408",.,.,.,.,.,.,.,.,.,.,.,.,.,.,"1,408"
LB40G,501,"Urinary Tract Stone Disease without Interventions, with CC Score 0-2",.,.,.,.,939,.,.,.,.,.,.,.,.,.,.,.,.,939
LB42A,501,"Dynamic Studies of Urinary Tract, 19 years and over",.,.,.,.,939,.,.,.,.,.,.,.,.,.,.,.,.,939
LB43Z,101,Treatment of Erectile Dysfunction,.,.,792,.,.,.,.,.,.,.,.,.,.,.,.,.,.,792
LB47Z,101,Major Open Penis Procedures,.,.,"5,981",.,.,.,.,.,.,.,.,.,.,.,.,.,.,"5,981"
LB52A,100,"Major Open, Scrotum, Testis or Vas Deferens Procedures, with CC Score 2+",.,452,.,.,.,.,.,.,.,.,.,.,"4,172",.,.,.,"1,332","5,956"
LB52A,101,"Major Open, Scrotum, Testis or Vas Deferens Procedures, with CC Score 2+",.,.,.,.,"2,908",.,.,.,.,.,.,.,.,.,.,.,.,"2,908"
LB52B,100,"Major Open, Scrotum, Testis or Vas Deferens Procedures, with CC Score 0-1","3,006",904,.,.,.,.,.,.,.,.,.,.,.,.,"3,299",.,.,"7,209"
LB52B,101,"Major Open, Scrotum, Testis or Vas Deferens Procedures, with CC Score 0-1","1,267",.,"2,169",.,"2,065",.,.,.,.,.,.,.,.,.,.,.,839,"6,340"
LB53B,100,"Intermediate Open, Scrotum, Testis or Vas Deferens Procedures, 18 years and under","2,739","1,085",.,.,.,.,.,.,.,.,.,.,.,.,.,.,.,"3,824"
LB53B,101,"Intermediate Open, Scrotum, Testis or Vas Deferens Procedures, 18 years and under",.,.,"2,641",.,"6,196",.,.,.,.,.,.,.,.,.,.,.,"2,588","11,425"
LB53B,171,"Intermediate Open, Scrotum, Testis or Vas Deferens Procedures, 18 years and under",.,.,.,.,.,.,.,.,.,.,.,.,"11,992",.,.,.,.,"11,992"
LB53C,100,"Intermediate Open, Scrotum, Testis or Vas Deferens Procedures, 19 years and over, with CC Score 1+",.,.,.,.,.,.,.,.,.,.,.,.,"2,057",.,.,.,.,"2,057"
LB53C,101,"Intermediate Open, Scrotum, Testis or Vas Deferens Procedures, 19 years and over, with CC Score 1+",.,.,"2,580",.,.,.,.,.,.,.,.,.,.,.,.,.,.,"2,580"
LB53D,100,"Intermediate Open, Scrotum, Testis or Vas Deferens Procedures, 19 years and over, with CC Score 0",.,.,.,"1,076",.,.,.,.,.,.,.,.,.,.,.,.,"1,332","2,408"
LB53D,101,"Intermediate Open, Scrotum, Testis or Vas Deferens Procedures, 19 years and over, with CC Score 0",.,.,"6,958",.,"2,126",.,.,.,.,.,.,.,.,.,.,.,.,"9,084"
LB54A,100,"Minor, Scrotum, Testis or Vas Deferens Procedures, 19 years and over","7,153","18,125",.,"5,909",.,"15,194",.,.,.,.,"5,164",.,961,.,"16,037",.,"3,572","72,115"
LB54A,101,"Minor, Scrotum, Testis or Vas Deferens Procedures, 19 years and over",.,.,"25,659",.,"9,562",.,.,.,.,.,.,.,.,.,.,.,"1,724","36,945"
LB54C,100,"Minor, Scrotum, Testis or Vas Deferens Procedures, between 2 and 18 years","26,595","20,821",.,"12,091",.,"38,230",.,.,.,.,"1,989",.,.,.,"22,635",.,"6,032","128,392"
LB54C,101,"Minor, Scrotum, Testis or Vas Deferens Procedures, between 2 and 18 years",.,.,"30,157",.,"13,173",.,.,.,.,.,.,.,.,.,.,.,"4,546","47,876"
LB54C,171,"Minor, Scrotum, Testis or Vas Deferens Procedures, between 2 and 18 years",.,.,.,.,.,.,.,.,.,.,.,.,"153,491",.,.,.,.,"153,491"
LB54C,420,"Minor, Scrotum, Testis or Vas Deferens Procedures, between 2 and 18 years","1,525","6,608",.,.,.,.,.,.,.,.,.,.,.,.,.,.,.,"8,132"
LB54D,171,"Minor, Scrotum, Testis or Vas Deferens Procedures, 1 year and under",.,.,.,.,.,.,.,.,.,.,.,.,"16,721",.,.,.,.,"16,721"
LB55A,100,"Minor or Intermediate, Urethra Procedures, 19 years and over","2,169",.,.,"1,226",.,.,.,.,.,.,.,.,.,.,.,.,.,"3,395"
LB55A,101,"Minor or Intermediate, Urethra Procedures, 19 years and over",.,.,.,"1,074","1,102",.,.,.,.,.,.,.,.,.,.,.,764,"2,940"
LB55A,430,"Minor or Intermediate, Urethra Procedures, 19 years and over",.,.,.,.,.,.,.,.,.,360,.,.,.,.,.,.,.,360
LB55B,101,"Minor or Intermediate, Urethra Procedures, 18 years and under",.,.,.,.,"1,644",.,.,.,.,.,.,.,.,.,.,.,.,"1,644"
LB56A,100,"Minor Penis Procedures, 19 years and over","3,196","2,402",.,.,.,745,.,.,.,.,.,.,.,.,.,.,893,"7,236"
LB56A,101,"Minor Penis Procedures, 19 years and over",.,.,"8,100",.,"1,965",.,.,.,.,.,.,.,.,.,.,.,"1,724","11,789"
LB56A,300,"Minor Penis Procedures, 19 years and over",438,.,.,.,.,.,.,.,.,.,.,.,.,.,.,.,.,438
LB56C,100,"Minor Penis Procedures, between 2 and 18 years",.,.,.,969,767,.,.,.,.,.,.,.,.,.,"1,973",.,.,"3,710"
LB56C,101,"Minor Penis Procedures, between 2 and 18 years",.,.,"2,509",.,721,.,.,.,.,.,.,.,.,.,.,.,.,"3,229"
LB56C,171,"Minor Penis Procedures, between 2 and 18 years",.,.,.,.,.,.,.,.,.,.,.,.,"8,254",.,.,.,.,"8,254"
LB56C,420,"Minor Penis Procedures, between 2 and 18 years",.,.,.,.,.,.,.,.,.,.,.,.,.,.,.,.,"1,248","1,248"
LB57D,100,Urethral Disorders without Interventions,.,452,.,"1,145",.,395,.,.,.,.,.,.,.,.,.,.,.,"1,992"
LB57D,101,Urethral Disorders without Interventions,.,.,.,.,.,.,.,.,.,.,.,.,.,.,.,.,770,770
LB57D,300,Urethral Disorders without Interventions,438,.,.,.,.,.,.,.,.,.,.,.,"1,158",.,.,.,.,"1,597"
LB57D,430,Urethral Disorders without Interventions,.,370,.,.,.,.,.,.,.,.,.,.,.,.,.,.,.,370
LB58D,100,Penile Disorders without Interventions,.,.,.,573,.,.,.,.,.,.,.,.,.,.,.,.,.,573
LB58D,101,Penile Disorders without Interventions,565,.,"3,374",.,.,.,.,.,.,.,.,.,.,.,.,.,385,"4,324"
LB58D,180,Penile Disorders without Interventions,.,.,.,.,894,.,.,.,.,.,.,.,.,.,.,.,.,894
LB58D,300,Penile Disorders without Interventions,877,.,.,.,.,.,.,.,.,.,.,.,386,.,.,.,.,"1,263"
LB60C,430,"Complex, Open or Laparoscopic, Kidney or Ureter Procedures, with CC Score 7+",.,.,"1,251",.,.,.,.,.,.,.,.,.,.,.,.,.,.,"1,251"
LB60E,101,"Complex, Open or Laparoscopic, Kidney or Ureter Procedures, with CC Score 2-3",.,.,"1,591",.,.,.,.,.,.,.,.,.,.,.,.,.,.,"1,591"
LB61F,101,"Major, Open or Percutaneous, Kidney or Ureter Procedures, 19 years and over, with CC Score 2-3",.,.,"1,591",.,.,.,.,.,.,.,.,.,.,.,.,.,.,"1,591"
LB61G,101,"Major, Open or Percutaneous, Kidney or Ureter Procedures, 19 years and over, with CC Score 0-1",.,.,"1,591",.,"1,423",.,.,.,.,.,.,.,.,.,.,.,.,"3,014"
LB64C,101,"Complex Endoscopic, Kidney or Ureter Procedures, 19 years and over, with CC Score 5+",.,.,.,.,"3,711",.,.,.,.,.,.,.,.,.,.,.,.,"3,711"
LB64E,101,"Complex Endoscopic, Kidney or Ureter Procedures, 19 years and over, with CC Score 0-1",.,.,"10,652",.,.,.,.,.,.,.,.,.,.,.,.,.,.,"10,652"
LB65C,101,"Major Endoscopic, Kidney or Ureter Procedures, 19 years and over, with CC Score 5+",.,.,.,"1,365",.,.,.,.,.,.,.,.,.,.,.,.,.,"1,365"
LB65C,300,"Major Endoscopic, Kidney or Ureter Procedures, 19 years and over, with CC Score 5+",.,.,"1,645",.,.,.,.,.,.,.,.,.,.,.,.,.,.,"1,645"
LB65D,101,"Major Endoscopic, Kidney or Ureter Procedures, 19 years and over, with CC Score 3-4",.,.,.,"2,958",.,.,.,.,.,.,.,.,.,.,.,.,.,"2,958"
LB65D,300,"Major Endoscopic, Kidney or Ureter Procedures, 19 years and over, with CC Score 3-4",.,.,"1,525",.,.,.,.,.,.,.,.,.,.,.,.,.,.,"1,525"
LB65E,100,"Major Endoscopic, Kidney or Ureter Procedures, 19 years and over, with CC Score 0-2","3,015",.,.,"4,609","1,290",.,.,.,.,.,.,.,.,.,.,.,.,"8,914"
LB65E,101,"Major Endoscopic, Kidney or Ureter Procedures, 19 years and over, with CC Score 0-2","8,149",.,"19,114","6,571","11,688",.,.,.,.,.,.,.,.,.,.,.,.,"45,521"
LB65E,501,"Major Endoscopic, Kidney or Ureter Procedures, 19 years and over, with CC Score 0-2",.,.,.,.,939,.,.,.,.,.,.,.,.,.,.,.,.,939
LB68B,101,Complex Endoscopic Bladder Procedures with CC Score 0-2,.,.,"2,210",.,.,.,.,.,.,.,.,.,.,.,.,.,.,"2,210"
LB72A,100,"Diagnostic Flexible Cystoscopy, 19 years and over","1,732",.,.,573,.,"4,814",.,.,.,.,.,.,.,.,.,.,.,"7,118"
LB72A,101,"Diagnostic Flexible Cystoscopy, 19 years and over","8,495",.,"10,808","6,516","2,144",.,.,.,.,.,.,.,.,.,.,.,"1,376","29,338"
LB72A,300,"Diagnostic Flexible Cystoscopy, 19 years and over",.,.,630,.,.,.,.,.,583,.,.,.,.,.,.,.,.,"1,213"
LB72A,502,"Diagnostic Flexible Cystoscopy, 19 years and over",.,775,"1,484",.,.,.,.,.,.,.,.,.,.,.,.,.,.,"2,259"
LB72B,171,"Diagnostic Flexible Cystoscopy, 18 years and under",.,.,.,.,.,.,.,.,.,.,.,.,"2,389",.,.,.,.,"2,389"
MA04D,501,Intermediate Open Lower Genital Tract Procedures with CC Score 0-2,.,.,.,.,.,.,.,.,.,.,.,.,.,.,"1,878",.,.,"1,878"
MA04D,502,Intermediate Open Lower Genital Tract Procedures with CC Score 0-2,"3,329",.,"4,119","1,297","1,707",.,.,.,.,.,.,.,.,.,"1,802",.,"1,165","13,419"
MA06C,100,"Major, Open or Laparoscopic, Upper or Lower Genital Tract Procedures for Malignancy, with CC Score 0-1",.,.,"3,237",.,.,.,.,.,.,.,.,.,.,.,.,.,"1,625","4,862"
MA07F,501,Major Open Upper Genital Tract Procedures with CC Score 3-4,.,.,.,.,939,.,.,.,.,.,.,.,.,.,.,.,.,939
MA07F,502,Major Open Upper Genital Tract Procedures with CC Score 3-4,.,.,.,.,.,.,.,.,.,.,.,.,.,.,.,.,"1,907","1,907"
MA07G,100,Major Open Upper Genital Tract Procedures with CC Score 0-2,"4,908",.,.,.,.,"4,281",.,.,.,.,.,.,.,.,.,.,.,"9,188"
MA07G,501,Major Open Upper Genital Tract Procedures with CC Score 0-2,.,.,.,.,.,.,.,.,.,.,.,.,"1,067",.,.,.,.,"1,067"
MA07G,502,Major Open Upper Genital Tract Procedures with CC Score 0-2,"2,202","3,099","12,579","1,431","16,513",.,.,.,.,.,.,.,.,.,"2,365",.,"1,301","39,491"
MA08B,100,"Major, Laparoscopic or Endoscopic, Upper Genital Tract Procedures, with CC Score 0-1",.,.,"3,241",.,.,.,.,.,.,.,.,.,.,.,.,.,.,"3,241"
MA08B,502,"Major, Laparoscopic or Endoscopic, Upper Genital Tract Procedures, with CC Score 0-1","7,143","4,649","73,320","1,588","29,135","19,535",.,.,.,.,.,.,.,.,"2,365",.,"15,392","153,128"
MA09Z,100,"Intermediate, Laparoscopic or Endoscopic, Upper Genital Tract Procedures","2,169",.,.,.,.,.,.,.,.,.,.,.,.,.,.,.,.,"2,169"
MA09Z,502,"Intermediate, Laparoscopic or Endoscopic, Upper Genital Tract Procedures",.,.,"9,131",.,.,"2,057",.,.,.,.,.,.,.,.,.,.,.,"11,187"
MA10Z,100,"Minor, Laparoscopic or Endoscopic, Upper Genital Tract Procedures",.,.,.,.,"1,677",.,.,.,.,.,.,.,.,.,.,.,.,"1,677"
MA10Z,502,"Minor, Laparoscopic or Endoscopic, Upper Genital Tract Procedures","11,070","3,334","20,696",.,"6,483","8,792",.,.,.,.,.,.,.,.,.,.,"1,453","51,829"
MA11Z,100,Intermediate Open Upper Genital Tract Procedures,.,.,.,.,.,.,.,.,.,.,.,.,"2,650",.,.,.,.,"2,650"
MA12Z,502,Resection or Ablation Procedures for Intra-Uterine Lesions,.,"1,359",.,.,"1,401",.,.,.,.,.,.,.,.,.,"2,250",.,.,"5,010"
MA17C,501,"Dilation and Evacuation, less than 14 weeks gestation",.,.,.,.,939,.,.,.,.,.,.,.,"128,648",.,.,.,.,"129,587"
MA17C,502,"Dilation and Evacuation, less than 14 weeks gestation","23,664","10,073",.,"7,942","229,204","12,859",.,.,.,.,.,.,.,.,"113,351",.,"2,768","399,862"
MA17D,501,"Dilation and Evacuation, 14 to 20 weeks gestation",.,.,.,.,.,.,.,.,.,.,.,.,"1,214",.,"1,526",.,.,"2,740"
MA17D,502,"Dilation and Evacuation, 14 to 20 weeks gestation","1,127",.,.,794,"4,432",.,.,.,.,.,.,.,.,.,"4,279",.,.,"10,632"
MA18C,501,"Medical Termination of Pregnancy, less than 14 weeks gestation",.,.,.,.,.,.,.,.,.,.,.,.,515,.,.,.,.,515
MA18C,502,"Medical Termination of Pregnancy, less than 14 weeks gestation","14,649",.,.,794,"8,731","7,098",.,.,.,.,.,.,.,.,"2,477",.,"4,717","38,467"
MA18D,501,"Medical Termination of Pregnancy, 14 to 20 weeks gestation","1,106",.,.,.,.,.,.,.,.,.,.,.,"4,117",.,"1,350",.,878,"7,452"
MA18D,502,"Medical Termination of Pregnancy, 14 to 20 weeks gestation","2,254",.,.,.,"3,742","1,775",.,.,.,.,.,.,.,.,.,.,"2,782","10,552"
MA19A,501,"Vacuum Aspiration with Cannula, less than 14 weeks gestation",.,.,.,"4,822",939,.,.,.,.,.,.,.,"131,289",.,.,.,987,"138,037"
MA19A,502,"Vacuum Aspiration with Cannula, less than 14 weeks gestation","70,195","26,455",.,"8,370","35,264","7,627",.,.,.,.,.,.,.,.,.,.,"43,102","191,014"
MA19B,501,"Vacuum Aspiration with Cannula, 14 to 20 weeks gestation",.,.,.,.,.,.,.,.,.,.,.,.,"1,214",.,.,.,.,"1,214"
MA19B,502,"Vacuum Aspiration with Cannula, 14 to 20 weeks gestation","2,433","1,550",.,.,.,.,.,.,.,.,.,.,.,.,.,.,"2,996","6,978"
MA20Z,501,"Medical or Surgical Termination of Pregnancy, over 20 weeks gestation","1,106",.,.,.,939,"1,013",.,.,.,.,.,.,"1,029",.,.,.,"1,756","5,843"
MA20Z,502,"Medical or Surgical Termination of Pregnancy, over 20 weeks gestation",.,"1,550",.,.,.,.,.,.,.,.,.,.,.,.,.,.,.,"1,550"
MA22Z,501,Minor Lower Genital Tract Procedures,.,.,.,.,939,.,.,.,.,.,.,.,536,.,.,.,"1,030","2,505"
MA22Z,502,Minor Lower Genital Tract Procedures,"7,299","11,899","11,895","6,804","1,554","3,295",.,.,.,.,.,.,.,.,"10,810",.,"9,759","63,314"
MA23Z,100,Minimal Lower Genital Tract Procedures,.,.,.,"1,441",.,919,.,.,.,.,.,.,.,.,.,.,.,"2,360"
MA23Z,300,Minimal Lower Genital Tract Procedures,.,407,.,.,.,.,.,.,.,.,.,.,.,.,.,.,.,407
MA23Z,501,Minimal Lower Genital Tract Procedures,.,.,.,"1,128",.,.,.,.,.,.,.,.,524,.,.,.,.,"1,652"
MA23Z,502,Minimal Lower Genital Tract Procedures,"7,195","10,610","15,154","1,213","8,826","6,953",.,.,.,.,.,.,.,.,"5,030",.,"8,336","63,318"
MA24Z,501,Minor Upper Genital Tract Procedures,.,.,.,"6,056",939,.,.,.,.,.,.,.,"7,997",.,.,.,.,"14,992"
MA24Z,502,Minor Upper Genital Tract Procedures,"11,269","6,466","2,439","45,390","87,589","120,716",.,.,.,.,.,.,.,.,.,.,"2,768","276,636"
MA25Z,100,Minimal Upper Genital Tract Procedures,"1,218",.,.,.,.,.,.,.,.,.,.,.,.,.,.,.,.,"1,218"
MA25Z,420,Minimal Upper Genital Tract Procedures,.,.,.,.,867,.,.,.,.,.,.,.,.,.,.,.,.,867
MA25Z,502,Minimal Upper Genital Tract Procedures,948,775,507,.,"1,324",.,.,.,.,.,.,.,.,.,.,.,847,"4,400"
MA29Z,502,Major Female Pelvic Peritoneum Adhesion Procedures,.,.,"5,618",.,.,.,.,.,.,.,.,.,.,.,.,.,.,"5,618"
MA30Z,502,Intermediate Female Pelvic Peritoneum Adhesion Procedures,"2,739",.,"1,772",.,.,"2,819",.,.,.,.,.,.,.,.,.,.,.,"7,330"
MA31Z,502,Diagnostic Hysteroscopy,.,775,.,"2,047",.,"2,113",.,.,.,.,.,.,.,.,.,.,.,"4,935"
MA32Z,300,Diagnostic Hysteroscopy with Biopsy,.,.,"1,114",.,.,.,.,.,.,.,.,.,.,.,.,.,.,"1,114"
MA32Z,502,Diagnostic Hysteroscopy with Biopsy,"1,306","1,251","1,649",.,.,"1,633",.,.,.,.,.,.,.,.,"5,405",.,"2,541","13,786"
MA33Z,502,Diagnostic Hysteroscopy with Biopsy and Implantation of Intrauterine Device,.,"1,421",.,.,.,.,.,.,.,.,.,.,.,.,.,.,.,"1,421"
MA35Z,502,Implantation of Intrauterine Device,.,.,.,.,"1,228",.,.,.,.,.,.,.,.,.,.,.,.,"1,228"
MA36Z,100,Transvaginal Ultrasound,"5,023",.,.,"1,718",.,"5,929",.,.,.,.,.,.,.,.,.,.,"7,470","20,140"
MA36Z,180,Transvaginal Ultrasound,.,457,.,.,.,.,.,.,.,.,.,.,.,.,.,.,.,457
MA36Z,300,Transvaginal Ultrasound,.,.,.,.,327,.,.,.,.,.,.,.,.,.,.,.,"2,677","3,004"
MA36Z,501,Transvaginal Ultrasound,.,.,.,"3,383",939,"1,013",.,.,.,.,.,.,"4,067",.,.,.,"1,502","10,903"
MA36Z,502,Transvaginal Ultrasound,"24,640","15,497",.,"15,090","44,510","9,081",.,.,.,.,.,.,.,.,.,.,"75,384","184,201"
MA37Z,501,Transvaginal Ultrasound with Biopsy,.,.,.,.,.,.,.,.,.,.,.,.,.,.,.,.,751,751
MA37Z,502,Transvaginal Ultrasound with Biopsy,.,.,.,.,.,.,.,.,.,.,.,.,.,.,.,.,847,847
MA38Z,502,Diagnostic Colposcopy,.,.,.,.,"1,381",.,.,.,.,.,.,.,.,.,.,.,.,"1,381"
MB05G,100,"Malignant Gynaecological Disorders without Interventions, with CC Score 10+",.,.,.,.,438,.,.,.,.,.,.,.,.,.,.,.,.,438
MB05H,100,"Malignant Gynaecological Disorders without Interventions, with CC Score 7-9",.,.,.,.,.,395,.,.,.,.,.,.,388,.,.,.,.,783
MB05H,300,"Malignant Gynaecological Disorders without Interventions, with CC Score 7-9",438,.,404,.,.,.,.,.,376,.,.,.,.,.,502,.,"1,467","3,187"
MB05J,100,"Malignant Gynaecological Disorders without Interventions, with CC Score 4-6",.,452,.,.,.,.,.,.,.,.,.,.,388,.,.,.,.,840
MB05J,300,"Malignant Gynaecological Disorders without Interventions, with CC Score 4-6",.,407,"1,616",.,.,.,.,.,.,.,.,.,772,.,.,.,367,"3,162"
MB05J,370,"Malignant Gynaecological Disorders without Interventions, with CC Score 4-6",.,.,"4,953",.,.,.,.,.,.,.,.,.,.,.,.,.,.,"4,953"
MB05J,502,"Malignant Gynaecological Disorders without Interventions, with CC Score 4-6",589,775,.,.,.,.,.,.,.,.,.,.,.,.,.,.,.,"1,364"
MB05K,100,"Malignant Gynaecological Disorders without Interventions, with CC Score 2-3",.,.,532,.,.,.,.,.,.,.,.,.,.,.,.,.,.,532
MB05K,300,"Malignant Gynaecological Disorders without Interventions, with CC Score 2-3",.,.,"1,616",.,.,.,.,.,376,.,387,.,.,.,.,.,"2,568","4,946"
MB05K,370,"Malignant Gynaecological Disorders without Interventions, with CC Score 2-3",.,.,"4,953",.,.,.,.,.,.,.,.,.,.,.,.,.,.,"4,953"
MB05K,502,"Malignant Gynaecological Disorders without Interventions, with CC Score 2-3",.,.,.,.,"1,459",.,.,.,.,.,.,.,.,.,.,.,.,"1,459"
MB05L,100,"Malignant Gynaecological Disorders without Interventions, with CC Score 0-1",.,452,.,.,.,.,.,.,.,.,.,.,.,.,.,.,455,906
MB05L,300,"Malignant Gynaecological Disorders without Interventions, with CC Score 0-1",438,407,.,.,.,.,.,.,376,.,.,.,386,.,502,.,.,"2,109"
MB05L,370,"Malignant Gynaecological Disorders without Interventions, with CC Score 0-1",.,.,"7,730",.,.,.,.,.,.,.,.,.,.,.,.,.,.,"7,730"
MB05L,502,"Malignant Gynaecological Disorders without Interventions, with CC Score 0-1",.,.,"1,137",.,.,.,.,.,.,.,.,.,.,.,.,.,.,"1,137"
MB08B,100,"Threatened or Spontaneous Miscarriage, without Interventions",.,452,.,.,.,.,.,.,.,.,.,.,.,.,.,.,.,452
MB08B,501,"Threatened or Spontaneous Miscarriage, without Interventions","4,113","1,910",.,"1,128","5,634","1,013",.,.,.,.,.,.,"25,379",.,.,.,"9,492","48,669"
MB08B,502,"Threatened or Spontaneous Miscarriage, without Interventions","5,304","17,047","6,823","9,531","25,538","9,807",.,.,.,.,.,.,.,.,"23,643",.,"18,497","116,191"
MB09C,100,"Non-Malignant Gynaecological Disorders with Interventions, with CC Score 0-2","1,598",.,.,.,.,.,.,.,.,.,.,.,.,.,.,.,.,"1,598"
MB09C,502,"Non-Malignant Gynaecological Disorders with Interventions, with CC Score 0-2",.,.,.,.,.,"1,775",.,.,.,.,.,.,.,.,.,.,.,"1,775"
MB09D,100,"Non-Malignant Gynaecological Disorders without Interventions, with CC Score 6+",.,.,.,.,.,.,.,.,.,.,.,.,388,.,.,.,.,388
MB09D,300,"Non-Malignant Gynaecological Disorders without Interventions, with CC Score 6+",.,.,.,.,327,.,.,.,.,.,.,.,"1,158",.,.,.,.,"1,485"
MB09D,502,"Non-Malignant Gynaecological Disorders without Interventions, with CC Score 6+","1,179",.,.,794,.,.,.,.,.,.,.,.,.,.,.,.,.,"1,973"
MB09E,100,"Non-Malignant Gynaecological Disorders without Interventions, with CC Score 3-5",.,452,.,573,.,.,.,.,.,.,.,.,.,.,.,.,.,"1,024"
MB09E,300,"Non-Malignant Gynaecological Disorders without Interventions, with CC Score 3-5","1,315",407,.,.,327,.,.,.,.,.,334,.,"1,544",.,.,.,.,"3,927"
MB09E,430,"Non-Malignant Gynaecological Disorders without Interventions, with CC Score 3-5",.,.,.,.,.,.,.,.,.,.,.,.,654,.,.,.,.,654
MB09E,502,"Non-Malignant Gynaecological Disorders without Interventions, with CC Score 3-5",589,775,569,.,.,363,.,.,.,.,.,.,.,.,676,.,.,"2,972"
MB09F,100,"Non-Malignant Gynaecological Disorders without Interventions, with CC Score 0-2","8,680","5,423",532,"1,718","7,885","7,115",.,.,.,.,"2,627",.,"17,462",.,"10,354",.,"10,454","72,250"
MB09F,101,"Non-Malignant Gynaecological Disorders without Interventions, with CC Score 0-2",.,.,.,.,420,.,.,.,.,.,.,.,.,.,.,.,.,420
MB09F,180,"Non-Malignant Gynaecological Disorders without Interventions, with CC Score 0-2",.,"2,284",.,.,.,.,.,.,.,.,225,.,"1,530",.,.,.,.,"4,039"
MB09F,300,"Non-Malignant Gynaecological Disorders without Interventions, with CC Score 0-2","3,068",407,"2,020",.,327,301,.,.,.,.,773,.,"3,861",.,"1,004",.,734,"12,495"
MB09F,420,"Non-Malignant Gynaecological Disorders without Interventions, with CC Score 0-2","3,811","1,219",.,.,.,.,.,.,.,.,.,.,752,.,"1,000",.,541,"7,323"
MB09F,501,"Non-Malignant Gynaecological Disorders without Interventions, with CC Score 0-2","2,056","3,821",.,.,939,"1,013",.,.,.,.,.,.,.,.,823,.,"5,111","13,764"
MB09F,502,"Non-Malignant Gynaecological Disorders without Interventions, with CC Score 0-2","10,019","12,398","14,784","3,971","12,404","2,543",.,.,.,.,.,.,.,.,"11,484",.,"12,513","80,115"
NZ16Z,501,Ante-Natal Routine Observation,"55,524",955,.,"3,383","30,050","16,205","19,195",.,"22,677",.,.,.,"18,196",.,.,.,"73,015","239,200"
NZ16Z,502,Ante-Natal Routine Observation,.,.,.,.,.,.,.,.,.,.,.,.,.,.,.,.,"1,632","1,632"
NZ17A,501,"Ante-Natal False Labour, including Premature Rupture of Membranes, with CC Score 2+",.,"3,821",.,"9,021","18,781","1,013",.,.,.,.,.,.,"1,437",.,.,.,730,"34,802"
NZ17A,502,"Ante-Natal False Labour, including Premature Rupture of Membranes, with CC Score 2+",.,.,.,.,.,363,.,.,.,.,.,.,.,.,.,.,.,363
NZ17B,100,"Ante-Natal False Labour, including Premature Rupture of Membranes, with CC Score 0-1",.,904,.,.,.,.,.,.,.,.,.,.,.,.,.,.,.,904
NZ17B,501,"Ante-Natal False Labour, including Premature Rupture of Membranes, with CC Score 0-1","6,169","80,240",.,"77,803","129,589","64,820","1,477",.,"1,417",.,"14,584",.,"22,027",.,"30,460",.,"6,571","435,158"
NZ17B,502,"Ante-Natal False Labour, including Premature Rupture of Membranes, with CC Score 0-1",.,.,569,794,730,363,.,.,.,.,"1,268",.,.,.,"4,053",.,.,"7,776"
NZ18A,300,Ante-Natal Complex Disorders with CC Score 2+,.,.,.,.,.,.,.,.,.,.,.,.,.,.,.,.,734,734
NZ18A,320,Ante-Natal Complex Disorders with CC Score 2+,.,422,.,.,.,.,.,.,.,.,.,.,.,.,.,.,.,422
NZ18A,501,Ante-Natal Complex Disorders with CC Score 2+,.,955,.,.,"2,095","1,206",.,.,.,.,.,.,"2,873",.,.,.,"1,460","8,590"
NZ18A,502,Ante-Natal Complex Disorders with CC Score 2+,589,.,.,.,.,.,.,.,.,.,.,.,.,.,.,.,"1,088","1,677"
NZ18B,100,Ante-Natal Complex Disorders with CC Score 0-1,457,.,.,.,.,.,.,.,.,.,.,.,.,.,.,.,.,457
NZ18B,300,Ante-Natal Complex Disorders with CC Score 0-1,"1,753","3,659",.,454,.,.,.,.,.,.,.,.,"1,158",.,.,.,"1,100","8,125"
NZ18B,320,Ante-Natal Complex Disorders with CC Score 0-1,.,422,.,547,.,.,.,.,.,.,.,.,.,.,.,.,.,969
NZ18B,501,Ante-Natal Complex Disorders with CC Score 0-1,"7,198","15,284",.,"14,659","14,666","7,237",.,.,.,.,"7,292",.,"10,056",.,"1,646",.,"13,143","91,181"
NZ18B,502,Ante-Natal Complex Disorders with CC Score 0-1,"10,019","1,550",.,"1,588","2,189","1,090",.,.,.,.,.,.,.,.,.,.,"20,674","37,109"
NZ19A,101,Ante-Natal Major Disorders with CC Score 2+,.,.,.,.,420,.,.,.,.,.,.,.,.,.,.,.,.,420
NZ19A,300,Ante-Natal Major Disorders with CC Score 2+,.,407,.,454,.,.,.,.,.,.,.,.,.,.,.,.,.,860
NZ19A,501,Ante-Natal Major Disorders with CC Score 2+,"1,028","9,552",.,"10,148","26,190","6,031",.,.,.,.,.,.,"9,098",.,.,.,"5,841","67,889"
NZ19A,502,Ante-Natal Major Disorders with CC Score 2+,.,"1,550",.,794,.,363,.,.,.,.,.,.,.,.,.,.,544,"3,251"
NZ19B,100,Ante-Natal Major Disorders with CC Score 0-1,"1,370",.,.,.,.,.,.,.,.,.,.,.,.,.,.,.,.,"1,370"
NZ19B,180,Ante-Natal Major Disorders with CC Score 0-1,.,.,.,.,.,.,.,.,.,.,.,.,306,.,.,.,.,306
NZ19B,300,Ante-Natal Major Disorders with CC Score 0-1,"1,753",.,.,454,.,.,.,.,.,.,773,.,.,.,.,.,.,"2,980"
NZ19B,320,Ante-Natal Major Disorders with CC Score 0-1,.,.,.,.,385,.,.,.,.,.,.,.,.,.,.,.,.,385
NZ19B,501,Ante-Natal Major Disorders with CC Score 0-1,"63,750","121,315",.,"125,162","218,948","79,610","4,430",.,"8,504",.,"25,522",.,"112,652",.,"68,329",.,"96,035","924,257"
NZ19B,502,Ante-Natal Major Disorders with CC Score 0-1,"5,893","33,319",.,"19,061","21,890","1,816",.,.,.,.,"1,268",.,.,.,"17,563",.,"17,953","118,764"
NZ20A,501,Ante-Natal Other Disorders with CC Score 2+,.,.,.,.,.,.,.,.,.,.,.,.,479,.,"6,586",.,730,"7,795"
NZ20B,300,Ante-Natal Other Disorders with CC Score 0-1,.,.,.,.,.,.,.,.,.,.,.,.,.,.,502,.,.,502
NZ20B,501,Ante-Natal Other Disorders with CC Score 0-1,"2,056","6,687",.,"4,510","14,666","7,237",.,.,"4,252",.,"7,292",.,"10,833",.,"117,724",.,"3,651","178,909"
NZ20B,502,Ante-Natal Other Disorders with CC Score 0-1,.,.,.,.,.,.,.,.,.,.,.,.,.,.,"2,027",.,544,"2,571"
NZ24A,501,"Ante-Natal Therapeutic Procedures, including Induction, with CC Score 2+",.,.,.,.,.,.,.,.,"1,437",.,.,.,.,.,.,.,.,"1,437"
NZ24B,501,"Ante-Natal Therapeutic Procedures, including Induction, with CC Score 0-1","3,787","6,687",.,.,"17,842","1,013","3,030",.,"5,748",.,.,.,"4,028",.,"1,350",.,"6,646","50,131"
NZ24B,502,"Ante-Natal Therapeutic Procedures, including Induction, with CC Score 0-1",.,.,.,794,"3,895",.,.,.,.,.,.,.,.,.,.,.,.,"4,689"
NZ25Z,501,Labour without Specified Delivery,"22,621","29,612",.,"6,766","13,147","7,090","17,718",.,"36,851",.,.,.,"5,267",.,"4,939",.,"14,603","158,614"
NZ25Z,502,Labour without Specified Delivery,.,.,.,794,.,.,.,.,.,.,.,.,.,.,.,.,.,794
NZ26A,501,Post-Natal Disorders with CC Score 2+,"1,028",955,.,.,"2,095",.,.,.,.,.,.,.,"1,922",.,.,.,.,"6,001"
NZ26B,100,Post-Natal Disorders with CC Score 0-1,.,452,.,573,438,.,.,.,.,.,.,.,.,.,.,.,455,"1,917"
NZ26B,300,Post-Natal Disorders with CC Score 0-1,.,.,404,.,.,.,.,.,.,.,.,.,.,.,.,.,.,404
NZ26B,501,Post-Natal Disorders with CC Score 0-1,"5,141","6,687",.,"7,893","19,904","6,031",.,.,.,.,"7,292",.,"10,849",.,"5,763",.,"18,254","87,814"
NZ26B,502,Post-Natal Disorders with CC Score 0-1,589,.,.,794,.,.,.,.,.,.,.,.,.,.,"2,027",.,"1,632","5,042"
NZ27Z,501,Post-Natal Therapeutic Procedures,"3,553","12,901",.,"3,383","2,095","3,619","3,416",.,.,.,.,.,"7,865",.,"9,389",.,"13,451","59,671"
NZ27Z,502,Post-Natal Therapeutic Procedures,"2,254",775,.,"2,383","1,094",900,.,.,.,.,.,.,.,.,"5,405",.,"2,768","15,578"
NZ30A,501,Normal Delivery with CC Score 2+,"5,141","20,060",.,"1,128","17,842","4,051",.,.,"2,838",.,"7,454",.,"141,775",.,"30,531",.,"42,766","273,586"
NZ30B,501,Normal Delivery with CC Score 1,"91,512","107,941",.,"16,914","154,004","70,897","4,253",.,"17,028",.,"149,877",.,"546,978",.,"139,084",.,"263,971","1,562,460"
NZ30B,502,Normal Delivery with CC Score 1,.,.,.,.,730,.,.,.,.,.,.,.,.,.,.,.,.,730
NZ30C,501,Normal Delivery with CC Score 0,"310,837","339,108",.,"22,552","484,550","174,203","259,453",.,"394,478",.,"367,260",.,"1,416,906",.,"508,845",.,"794,863","5,073,054"
NZ31A,501,"Normal Delivery with Epidural or Induction, with CC Score 2+","10,282","17,194",.,"19,169","35,618","1,206",.,.,.,.,.,.,"99,471",.,"20,354",.,"53,089","256,384"
NZ31B,501,"Normal Delivery with Epidural or Induction, with CC Score 1","71,976","49,672",.,"76,676","124,664","38,599",.,.,"2,838",.,"7,403",.,"277,082",.,"61,061",.,"135,672","845,643"
NZ31C,501,"Normal Delivery with Epidural or Induction, with CC Score 0","198,448","136,599",.,"241,303","275,519","117,002","25,520",.,"22,704",.,"26,227",.,"668,638",.,"118,730",.,"383,422","2,214,111"
NZ32A,501,"Normal Delivery with Epidural and Induction, or with Post-Partum Surgical Intervention, with CC Score 2+","2,056","3,821",.,.,"9,428","1,206",.,.,.,.,.,.,"7,516",.,"6,785",.,"14,747","45,560"
NZ32B,501,"Normal Delivery with Epidural and Induction, or with Post-Partum Surgical Intervention, with CC Score 1","8,226","6,687",.,"4,510","16,762","14,475",.,.,.,.,.,.,"14,526",.,"10,177",.,"14,747","90,108"
NZ32C,501,"Normal Delivery with Epidural and Induction, or with Post-Partum Surgical Intervention, with CC Score 0","27,762","13,373",.,"10,148","16,762","20,506",.,.,.,.,.,.,"47,314",.,"23,746",.,"28,019","187,630"
NZ33A,501,"Normal Delivery with Epidural or Induction, and with Post-Partum Surgical Intervention, with CC Score 2+","2,056","4,776",.,"1,128","2,095",.,.,.,.,.,.,.,"3,749",.,.,.,"2,949","16,754"
NZ33B,501,"Normal Delivery with Epidural or Induction, and with Post-Partum Surgical Intervention, with CC Score 1","5,141","1,910",.,"1,128","3,143","1,206",.,.,.,.,.,.,"3,622",.,"6,785",.,"5,899","28,834"
NZ33C,501,"Normal Delivery with Epidural or Induction, and with Post-Partum Surgical Intervention, with CC Score 0","2,056","7,642",.,"3,383","4,190","4,825",.,.,.,.,.,.,"5,244",.,.,.,"22,121","49,461"
NZ34A,501,"Normal Delivery with Epidural, Induction and Post-Partum Surgical Intervention, with CC Score 2+",.,.,.,.,"3,143","1,206",.,.,.,.,.,.,.,.,.,.,"4,424","8,773"
NZ34B,501,"Normal Delivery with Epidural, Induction and Post-Partum Surgical Intervention, with CC Score 1","3,085","2,866",.,.,"1,048","1,206",.,.,.,.,.,.,.,.,.,.,"1,475","9,679"
NZ34C,501,"Normal Delivery with Epidural, Induction and Post-Partum Surgical Intervention, with CC Score 0","3,085",.,.,"1,128","1,048","2,412",.,.,.,.,.,.,"1,748",.,.,.,"7,374","16,794"
NZ40A,501,Assisted Delivery with CC Score 2+,"1,106",955,.,.,"2,095","1,206",.,.,.,.,.,.,"8,936",.,"6,785",.,"2,330","23,414"
NZ40B,501,Assisted Delivery with CC Score 1,"1,106","7,642",.,"1,128","6,286","6,031",.,.,.,.,"3,689",.,"23,609",.,"10,177",.,"28,980","88,647"
NZ40C,501,Assisted Delivery with CC Score 0,"16,594","37,254",.,"3,383","17,809","10,856","4,253",.,.,.,"11,244",.,"116,907",.,"13,569",.,"48,808","280,678"
NZ41A,501,"Assisted Delivery with Epidural or Induction, with CC Score 2+",.,955,.,"2,255","5,238","1,206",.,.,.,.,.,.,"10,260",.,"3,392",.,"6,649","29,956"
NZ41B,501,"Assisted Delivery with Epidural or Induction, with CC Score 1","7,744","8,597",.,"2,255","16,762","3,619",.,.,.,.,.,.,"17,220",.,"10,177",.,"25,911","92,284"
NZ41C,501,"Assisted Delivery with Epidural or Induction, with CC Score 0","18,091","21,970",.,"25,934","33,523","15,681",.,.,.,.,.,.,"66,107",.,"20,354",.,"53,641","255,301"
NZ42A,501,"Assisted Delivery with Epidural and Induction, or with Post-Partum Surgical Intervention, with CC Score 2+","1,106",.,.,.,"2,095",.,.,.,.,.,.,.,"2,728",.,"3,392",.,"3,356","12,677"
NZ42B,501,"Assisted Delivery with Epidural and Induction, or with Post-Partum Surgical Intervention, with CC Score 1","6,638",955,.,"1,128","4,190","2,026",.,.,.,.,.,.,"5,044",.,"10,177",.,"27,110","57,267"
NZ42C,501,"Assisted Delivery with Epidural and Induction, or with Post-Partum Surgical Intervention, with CC Score 0","9,957","5,731",.,"3,383","16,762","3,619",.,.,.,.,.,.,"14,402",.,"6,785",.,"35,233","95,871"
NZ43A,501,"Assisted Delivery with Epidural or Induction, and with Post-Partum Surgical Intervention, with CC Score 2+",.,.,.,.,.,.,.,.,.,.,.,.,"2,346",.,.,.,.,"2,346"
NZ43B,501,"Assisted Delivery with Epidural or Induction, and with Post-Partum Surgical Intervention, with CC Score 1",.,.,.,.,"2,095",.,.,.,.,.,.,.,.,.,.,.,.,"2,095"
NZ43C,501,"Assisted Delivery with Epidural or Induction, and with Post-Partum Surgical Intervention, with CC Score 0","1,106","2,866",.,.,"1,048",.,.,.,.,.,.,.,"2,177",.,.,.,"4,661","11,857"
NZ44B,501,"Assisted Delivery with Epidural, Induction and Post-Partum Surgical Intervention, with CC Score 1","1,106",.,.,.,"1,048",.,.,.,.,.,.,.,.,.,.,.,"4,832","6,986"
NZ44C,501,"Assisted Delivery with Epidural, Induction and Post-Partum Surgical Intervention, with CC Score 0",.,.,.,"1,128","2,095",.,.,.,.,.,.,.,.,.,.,.,.,"3,223"
NZ50A,501,Planned Caesarean Section with CC Score 4+,.,.,.,.,.,.,.,.,.,.,.,.,"3,321",.,.,.,"1,399","4,720"
NZ50B,501,Planned Caesarean Section with CC Score 2-3,.,.,.,.,"4,190","1,206",.,.,.,.,.,.,"6,406",.,"11,729",.,"12,588","36,120"
NZ50C,501,Planned Caesarean Section with CC Score 0-1,"6,702","2,866",.,.,"4,190","3,619",.,.,.,.,"4,018",.,"3,085",.,"11,729",.,"12,588","48,798"
NZ51A,501,Emergency Caesarean Section with CC Score 4+,.,.,.,.,"2,095",.,.,.,.,.,.,.,.,.,.,.,"5,313","7,409"
NZ51B,400,Emergency Caesarean Section with CC Score 2-3,.,.,.,.,.,.,.,.,.,.,.,.,"4,662",.,.,.,.,"4,662"
NZ51B,501,Emergency Caesarean Section with CC Score 2-3,"1,340",955,.,.,"3,143","2,412",.,.,.,.,.,.,"5,278",.,.,.,"13,284","26,412"
NZ51C,100,Emergency Caesarean Section with CC Score 0-1,.,.,.,.,.,"1,989",.,.,.,.,.,.,.,.,.,.,.,"1,989"
NZ51C,501,Emergency Caesarean Section with CC Score 0-1,.,"5,731",.,"4,510","3,143","1,206",.,.,.,.,.,.,"13,008",.,.,.,"10,627","38,226"
PB01Z,320,Major Neonatal Diagnoses,.,.,.,.,.,.,.,.,.,.,.,.,"1,030",.,.,.,.,"1,030"
PB01Z,420,Major Neonatal Diagnoses,.,"1,828",.,720,867,734,.,.,.,.,.,.,"1,504",.,.,.,"4,329","9,983"
PB02Z,171,Minor Neonatal Diagnoses,.,.,.,.,.,.,.,.,.,.,.,.,"1,627",.,.,.,.,"1,627"
PB02Z,350,Minor Neonatal Diagnoses,.,.,.,.,.,.,.,.,.,.,.,.,"2,376",.,.,.,.,"2,376"
PB02Z,420,Minor Neonatal Diagnoses,.,"151,111",.,"53,297","61,591","26,407",.,.,.,.,.,"38,553","56,781",.,.,.,"139,785","527,524"
PB02Z,501,Minor Neonatal Diagnoses,.,"8,597",.,"3,383",.,.,.,.,.,.,"14,584",.,.,.,.,.,.,"26,564"
PC63A,420,"Paediatric Head, Neck or Ear Disorders, with CC Score 6+",762,609,.,.,"1,735","1,467",.,.,.,.,.,.,.,.,.,.,.,"4,574"
PC63B,120,"Paediatric Head, Neck or Ear Disorders, with CC Score 3-5",.,.,.,.,378,.,.,.,.,.,.,.,.,.,.,.,.,378
PC63B,300,"Paediatric Head, Neck or Ear Disorders, with CC Score 3-5",.,407,.,.,.,.,528,.,.,.,.,.,772,.,.,.,.,"1,706"
PC63B,350,"Paediatric Head, Neck or Ear Disorders, with CC Score 3-5",.,.,.,.,.,.,.,.,.,.,.,.,792,.,.,.,.,792
PC63B,420,"Paediatric Head, Neck or Ear Disorders, with CC Score 3-5","9,147","1,219",.,"2,881","3,470","3,668",.,.,.,.,.,433,"2,256",.,"2,000",.,"3,788","28,862"
PC63C,100,"Paediatric Head, Neck or Ear Disorders, with CC Score 1-2",914,.,.,.,.,395,.,.,.,.,.,.,.,.,647,.,.,"1,956"
PC63C,120,"Paediatric Head, Neck or Ear Disorders, with CC Score 1-2","1,619","1,349",.,.,.,.,.,.,.,.,.,.,"1,640",.,.,.,.,"4,608"
PC63C,140,"Paediatric Head, Neck or Ear Disorders, with CC Score 1-2","2,015",.,.,.,.,.,.,.,.,.,.,.,.,.,.,.,"1,652","3,667"
PC63C,180,"Paediatric Head, Neck or Ear Disorders, with CC Score 1-2",.,.,.,.,.,.,.,.,.,.,.,.,"1,530",.,.,.,.,"1,530"
PC63C,300,"Paediatric Head, Neck or Ear Disorders, with CC Score 1-2",438,"1,626",.,.,.,.,.,.,.,.,"1,160",.,"1,158",.,"2,009",.,734,"7,125"
PC63C,303,"Paediatric Head, Neck or Ear Disorders, with CC Score 1-2",.,.,"3,560",.,.,.,.,.,.,.,.,.,.,.,.,.,.,"3,560"
PC63C,350,"Paediatric Head, Neck or Ear Disorders, with CC Score 1-2",.,.,.,.,.,.,.,.,.,.,.,.,"3,959",.,.,.,.,"3,959"
PC63C,400,"Paediatric Head, Neck or Ear Disorders, with CC Score 1-2",.,.,.,.,.,.,.,.,.,.,.,.,799,.,.,.,.,799
PC63C,420,"Paediatric Head, Neck or Ear Disorders, with CC Score 1-2","61,742","29,247",.,"9,363","21,687","13,937",.,.,.,.,.,"2,599","27,829",.,"25,004",.,"27,058","218,467"
PC63D,100,"Paediatric Head, Neck or Ear Disorders, with CC Score 0",914,"1,356",.,573,.,.,.,.,.,.,.,.,.,.,.,.,.,"2,842"
PC63D,120,"Paediatric Head, Neck or Ear Disorders, with CC Score 0","5,396","4,947",.,.,"5,291",325,.,.,.,.,.,.,"3,793",.,.,.,"1,324","21,076"
PC63D,140,"Paediatric Head, Neck or Ear Disorders, with CC Score 0","4,029",.,.,.,.,.,.,.,.,.,.,.,.,.,.,.,"4,736","8,766"
PC63D,180,"Paediatric Head, Neck or Ear Disorders, with CC Score 0",.,"1,370",.,.,"2,683",.,.,.,.,.,449,.,"16,222",.,.,.,.,"20,724"
PC63D,300,"Paediatric Head, Neck or Ear Disorders, with CC Score 0",.,"1,220",.,454,.,.,.,.,376,.,773,.,772,.,"1,004",.,"1,467","6,066"
PC63D,350,"Paediatric Head, Neck or Ear Disorders, with CC Score 0",.,.,.,.,.,.,.,.,.,.,.,.,"3,959",.,.,.,.,"3,959"
PC63D,420,"Paediatric Head, Neck or Ear Disorders, with CC Score 0","195,137","95,663",.,"46,094","61,591","44,012",.,.,.,.,.,"5,631","60,923",.,"134,024",.,"71,433","714,508"
PC63D,430,"Paediatric Head, Neck or Ear Disorders, with CC Score 0",.,.,.,.,.,.,.,.,.,.,388,.,.,.,.,.,.,388
PD11A,420,"Paediatric Acute Upper Respiratory Tract Infection or Common Cold, with CC Score 4+","4,574","3,656",.,720,"5,205","1,467",.,.,.,.,.,"1,733","4,703",.,"3,001",.,"1,623","26,681"
PD11B,300,"Paediatric Acute Upper Respiratory Tract Infection or Common Cold, with CC Score 1-3",.,407,.,.,.,.,.,.,.,.,.,.,386,.,.,.,367,"1,160"
PD11B,350,"Paediatric Acute Upper Respiratory Tract Infection or Common Cold, with CC Score 1-3",.,.,.,.,.,.,.,.,.,.,.,.,792,.,.,.,.,792
PD11B,420,"Paediatric Acute Upper Respiratory Tract Infection or Common Cold, with CC Score 1-3","52,595","29,857",.,"12,964","45,976","17,605",.,.,.,.,.,"5,198","15,795",.,"17,003",.,"31,387","228,380"
PD11C,100,"Paediatric Acute Upper Respiratory Tract Infection or Common Cold, with CC Score 0",.,452,.,.,438,.,.,.,.,.,.,.,.,.,647,.,.,"1,537"
PD11C,120,"Paediatric Acute Upper Respiratory Tract Infection or Common Cold, with CC Score 0",.,450,.,.,.,.,.,.,.,.,.,.,.,.,.,.,.,450
PD11C,300,"Paediatric Acute Upper Respiratory Tract Infection or Common Cold, with CC Score 0",438,.,.,.,.,.,.,.,.,.,387,.,386,.,.,.,.,"1,211"
PD11C,350,"Paediatric Acute Upper Respiratory Tract Infection or Common Cold, with CC Score 0",.,.,.,.,.,.,.,.,.,.,.,.,"1,584",.,.,.,.,"1,584"
PD11C,420,"Paediatric Acute Upper Respiratory Tract Infection or Common Cold, with CC Score 0","134,156","93,225",.,"43,934","28,627","15,404",.,.,.,.,.,"6,065","31,589",.,"98,017",.,"83,880","534,898"
PD11C,430,"Paediatric Acute Upper Respiratory Tract Infection or Common Cold, with CC Score 0",.,.,.,.,.,.,.,.,.,.,388,.,.,.,.,.,.,388
PD12A,300,"Paediatric Asthma or Wheezing, with CC Score 4+",.,.,.,.,.,.,.,.,.,.,.,.,.,.,.,.,367,367
PD12A,420,"Paediatric Asthma or Wheezing, with CC Score 4+",.,.,.,.,867,.,.,.,.,.,.,.,752,.,.,.,.,"1,620"
PD12B,180,"Paediatric Asthma or Wheezing, with CC Score 1-3",.,457,.,.,.,.,.,.,.,.,.,.,.,.,.,.,.,457
PD12B,300,"Paediatric Asthma or Wheezing, with CC Score 1-3","1,315","2,033",.,.,654,.,.,.,752,.,334,.,"1,158",.,.,.,"6,602","12,848"
PD12B,340,"Paediatric Asthma or Wheezing, with CC Score 1-3",.,.,930,.,.,.,.,.,.,.,.,.,932,.,.,.,.,"1,862"
PD12B,420,"Paediatric Asthma or Wheezing, with CC Score 1-3","12,196","9,140",.,"1,440","25,157","11,736",.,.,.,.,.,.,"12,786",.,"7,001",.,"12,988","92,445"
PD12B,430,"Paediatric Asthma or Wheezing, with CC Score 1-3",.,.,.,.,.,.,.,.,.,.,388,.,.,.,.,.,.,388
PD12C,180,"Paediatric Asthma or Wheezing, with CC Score 0",.,.,.,.,.,.,.,.,.,.,.,.,"1,224",.,.,.,.,"1,224"
PD12C,300,"Paediatric Asthma or Wheezing, with CC Score 0",438,"1,626",.,.,654,.,.,.,.,.,"2,386",.,"2,703",.,.,.,"1,100","8,907"
PD12C,340,"Paediatric Asthma or Wheezing, with CC Score 0",.,.,465,.,.,.,.,.,.,.,.,.,"1,864",.,.,.,.,"2,329"
PD12C,350,"Paediatric Asthma or Wheezing, with CC Score 0",.,.,.,.,.,.,.,.,.,.,.,.,792,.,.,.,.,792
PD12C,420,"Paediatric Asthma or Wheezing, with CC Score 0","34,301","26,201",.,"21,607","25,157","9,536",.,.,.,.,.,866,"30,085",.,"21,004",.,"40,587","209,344"
PD12C,430,"Paediatric Asthma or Wheezing, with CC Score 0",.,.,.,.,.,.,.,.,.,.,775,.,.,.,.,.,.,775
PD13A,340,Paediatric Cystic Fibrosis with CC Score 5+,.,.,892,.,.,.,.,.,.,.,.,.,.,.,.,.,.,892
PD14A,300,"Paediatric Lower Respiratory Tract Disorders without Acute Bronchiolitis, with CC Score 11+",.,.,.,.,.,.,.,.,.,.,.,.,386,.,.,.,.,386
PD14A,420,"Paediatric Lower Respiratory Tract Disorders without Acute Bronchiolitis, with CC Score 11+",.,.,.,.,.,.,.,.,.,.,.,.,.,.,.,.,541,541
PD14B,300,"Paediatric Lower Respiratory Tract Disorders without Acute Bronchiolitis, with CC Score 8-10",.,.,.,.,.,.,.,.,.,.,.,.,386,.,.,.,.,386
PD14B,420,"Paediatric Lower Respiratory Tract Disorders without Acute Bronchiolitis, with CC Score 8-10",762,.,.,.,.,.,.,.,.,.,.,.,"1,504",.,"1,000",.,541,"3,808"
PD14C,320,"Paediatric Lower Respiratory Tract Disorders without Acute Bronchiolitis, with CC Score 4-7",.,.,.,.,.,.,.,.,655,.,.,.,611,.,.,.,.,"1,266"
PD14C,340,"Paediatric Lower Respiratory Tract Disorders without Acute Bronchiolitis, with CC Score 4-7",.,.,.,.,.,714,.,.,.,.,.,.,.,.,.,.,.,714
PD14C,350,"Paediatric Lower Respiratory Tract Disorders without Acute Bronchiolitis, with CC Score 4-7",.,.,.,.,.,.,.,.,.,.,.,.,792,.,.,.,.,792
PD14C,420,"Paediatric Lower Respiratory Tract Disorders without Acute Bronchiolitis, with CC Score 4-7","1,525","3,047",.,"1,440","3,470",734,.,.,.,.,.,433,"6,017",.,"1,000",.,"3,788","21,454"
PD14D,100,"Paediatric Lower Respiratory Tract Disorders without Acute Bronchiolitis, with CC Score 2-3",457,.,.,.,.,.,.,.,.,.,.,.,.,.,.,.,.,457
PD14D,101,"Paediatric Lower Respiratory Tract Disorders without Acute Bronchiolitis, with CC Score 2-3",.,.,675,.,.,.,.,.,.,.,.,.,.,.,.,.,.,675
PD14D,120,"Paediatric Lower Respiratory Tract Disorders without Acute Bronchiolitis, with CC Score 2-3",.,450,.,.,.,.,.,.,.,.,.,.,.,.,.,.,.,450
PD14D,171,"Paediatric Lower Respiratory Tract Disorders without Acute Bronchiolitis, with CC Score 2-3",.,.,.,.,.,.,.,.,.,.,.,.,814,.,.,.,.,814
PD14D,300,"Paediatric Lower Respiratory Tract Disorders without Acute Bronchiolitis, with CC Score 2-3",438,407,.,.,.,.,.,.,.,.,.,.,"1,544",.,.,.,"1,467","3,856"
PD14D,320,"Paediatric Lower Respiratory Tract Disorders without Acute Bronchiolitis, with CC Score 2-3",.,.,.,.,.,.,.,.,.,.,.,.,611,.,.,.,.,611
PD14D,340,"Paediatric Lower Respiratory Tract Disorders without Acute Bronchiolitis, with CC Score 2-3",.,.,.,.,.,.,.,.,.,.,.,.,932,.,.,.,.,932
PD14D,350,"Paediatric Lower Respiratory Tract Disorders without Acute Bronchiolitis, with CC Score 2-3",.,.,.,.,.,.,.,.,.,.,.,.,792,.,.,.,.,792
PD14D,420,"Paediatric Lower Respiratory Tract Disorders without Acute Bronchiolitis, with CC Score 2-3","10,672","5,484",.,"2,881","6,940","3,668",.,.,.,.,.,433,"10,980",.,"4,001",.,"3,788","48,846"
PD14E,171,"Paediatric Lower Respiratory Tract Disorders without Acute Bronchiolitis, with CC Score 1",.,.,.,.,.,.,.,.,.,.,.,.,"1,627",.,.,.,.,"1,627"
PD14E,300,"Paediatric Lower Respiratory Tract Disorders without Acute Bronchiolitis, with CC Score 1",438,407,.,454,.,.,528,.,.,.,692,.,"2,703",.,.,.,367,"5,587"
PD14E,303,"Paediatric Lower Respiratory Tract Disorders without Acute Bronchiolitis, with CC Score 1",.,.,712,.,.,.,.,.,.,.,.,.,.,.,.,.,.,712
PD14E,350,"Paediatric Lower Respiratory Tract Disorders without Acute Bronchiolitis, with CC Score 1",.,.,.,.,.,.,.,.,.,.,.,.,"1,584",.,.,.,.,"1,584"
PD14E,420,"Paediatric Lower Respiratory Tract Disorders without Acute Bronchiolitis, with CC Score 1","12,958","6,702",.,"2,161","13,012","6,602",.,.,.,.,.,866,"11,282",.,"8,001",.,"7,035","68,620"
PD14E,501,"Paediatric Lower Respiratory Tract Disorders without Acute Bronchiolitis, with CC Score 1",.,.,.,"1,128",.,.,.,.,.,.,.,.,.,.,.,.,.,"1,128"
PD14F,100,"Paediatric Lower Respiratory Tract Disorders without Acute Bronchiolitis, with CC Score 0",457,.,.,.,438,395,.,.,.,.,.,.,388,.,.,.,.,"1,678"
PD14F,120,"Paediatric Lower Respiratory Tract Disorders without Acute Bronchiolitis, with CC Score 0",.,.,.,.,.,.,.,.,.,.,.,.,"3,369",.,.,.,.,"3,369"
PD14F,180,"Paediatric Lower Respiratory Tract Disorders without Acute Bronchiolitis, with CC Score 0",.,457,.,.,.,.,.,.,.,.,225,.,612,.,.,.,.,"1,293"
PD14F,300,"Paediatric Lower Respiratory Tract Disorders without Acute Bronchiolitis, with CC Score 0",877,"2,440",.,907,.,603,"1,055",.,.,.,305,.,"1,931",.,"1,506",.,367,"9,990"
PD14F,340,"Paediatric Lower Respiratory Tract Disorders without Acute Bronchiolitis, with CC Score 0",.,.,.,.,.,.,.,.,.,.,.,.,932,.,.,.,.,932
PD14F,350,"Paediatric Lower Respiratory Tract Disorders without Acute Bronchiolitis, with CC Score 0",.,.,.,.,.,.,.,.,.,.,.,.,"3,167",.,.,.,.,"3,167"
PD14F,420,"Paediatric Lower Respiratory Tract Disorders without Acute Bronchiolitis, with CC Score 0","81,561","33,512",.,"23,767","26,024","11,003",.,.,.,.,.,"1,733","29,333",.,"44,008",.,"45,999","296,940"
PD15A,420,Paediatric Acute Bronchiolitis with CC Score 5+,.,"1,828",.,.,"2,602",.,.,.,.,.,.,.,752,.,"1,000",.,.,"6,183"
PD15B,420,Paediatric Acute Bronchiolitis with CC Score 2-4,"3,049",.,.,.,"8,675","3,668",.,.,.,.,.,433,"6,017",.,.,.,"2,706","24,547"
PD15C,420,Paediatric Acute Bronchiolitis with CC Score 1,"9,147","12,186",.,"2,161","10,410","7,335",.,.,.,.,.,"1,300","9,778",.,"3,001",.,"4,329","59,646"
PD15D,350,Paediatric Acute Bronchiolitis with CC Score 0,.,.,.,.,.,.,.,.,.,.,.,.,"2,376",.,.,.,.,"2,376"
PD15D,420,Paediatric Acute Bronchiolitis with CC Score 0,"70,127","44,480",.,"23,047","27,759","12,470",.,.,.,.,.,"3,032","23,316",.,"58,010",.,"62,775","325,017"
PD65A,320,Paediatric Upper Respiratory Tract Disorders with CC Score 5+,.,.,.,.,.,.,.,.,.,.,.,.,611,.,.,.,.,611
PD65A,420,Paediatric Upper Respiratory Tract Disorders with CC Score 5+,"1,525",.,.,.,"1,735",.,.,.,.,.,.,433,"1,504",.,.,.,541,"5,738"
PD65B,300,Paediatric Upper Respiratory Tract Disorders with CC Score 2-4,.,.,.,.,.,.,.,.,.,.,.,.,.,.,502,.,.,502
PD65B,420,Paediatric Upper Respiratory Tract Disorders with CC Score 2-4,"7,623","1,828",.,"1,440","6,072","3,668",.,.,.,.,.,.,"5,265",.,.,.,"4,329","30,225"
PD65C,420,Paediatric Upper Respiratory Tract Disorders with CC Score 1,"16,770","2,437",.,720,"8,675","1,467",.,.,.,.,.,866,"6,769",.,"5,001",.,"3,788","46,493"
PD65D,100,Paediatric Upper Respiratory Tract Disorders with CC Score 0,.,452,.,.,.,.,.,.,.,.,.,.,.,.,.,.,455,906
PD65D,120,Paediatric Upper Respiratory Tract Disorders with CC Score 0,.,.,.,.,819,.,.,.,.,.,.,.,.,.,.,.,.,819
PD65D,171,Paediatric Upper Respiratory Tract Disorders with CC Score 0,.,.,.,.,.,.,.,.,.,.,.,.,814,.,.,.,.,814
PD65D,420,Paediatric Upper Respiratory Tract Disorders with CC Score 0,"34,301","15,842",.,"5,762","3,470","1,467",.,.,.,.,.,"1,733","19,555",.,"10,002",.,"18,399","110,532"
PE23B,420,Paediatric Cardiac Conditions with CC Score 10-12,.,.,.,.,.,.,.,.,.,.,.,.,752,.,.,.,.,752
PE23C,320,Paediatric Cardiac Conditions with CC Score 6-9,.,.,.,.,.,.,.,.,.,.,.,.,"1,030",.,.,.,.,"1,030"
PE23C,420,Paediatric Cardiac Conditions with CC Score 6-9,762,.,.,.,.,734,.,.,.,.,.,.,.,.,.,.,.,"1,496"
PE23D,300,Paediatric Cardiac Conditions with CC Score 3-5,.,.,404,.,.,.,.,.,.,.,.,.,.,.,.,.,.,404
PE23D,320,Paediatric Cardiac Conditions with CC Score 3-5,.,422,.,.,.,.,.,.,.,.,.,.,"3,091",.,.,.,.,"3,514"
PE23D,420,Paediatric Cardiac Conditions with CC Score 3-5,.,.,.,.,867,.,.,.,.,.,.,.,.,.,.,.,.,867
PE23E,160,Paediatric Cardiac Conditions with CC Score 1-2,.,.,.,.,.,.,.,.,.,.,.,.,.,.,.,.,490,490
PE23E,300,Paediatric Cardiac Conditions with CC Score 1-2,.,.,404,.,327,.,.,.,.,.,.,.,.,.,.,.,367,"1,098"
PE23E,320,Paediatric Cardiac Conditions with CC Score 1-2,.,.,.,.,385,.,.,.,.,.,.,.,"5,763",.,.,.,456,"6,604"
PE23E,361,Paediatric Cardiac Conditions with CC Score 1-2,.,.,.,.,.,.,.,.,.,.,.,.,"1,764",.,.,.,.,"1,764"
PE23E,420,Paediatric Cardiac Conditions with CC Score 1-2,"4,574",.,.,"1,440",867,.,.,.,.,.,.,433,752,.,"3,001",.,541,"11,608"
PE23F,180,Paediatric Cardiac Conditions with CC Score 0,.,.,.,.,.,.,.,.,.,.,.,.,306,.,.,.,.,306
PE23F,300,Paediatric Cardiac Conditions with CC Score 0,.,.,.,.,327,.,.,.,.,.,.,.,386,.,.,.,.,713
PE23F,320,Paediatric Cardiac Conditions with CC Score 0,.,.,955,.,.,.,701,.,.,.,453,.,"2,671",.,.,552,.,"5,332"
PE23F,340,Paediatric Cardiac Conditions with CC Score 0,.,.,.,.,.,.,.,.,.,.,.,.,466,.,.,.,.,466
PE23F,420,Paediatric Cardiac Conditions with CC Score 0,"2,287","2,437",.,720,.,734,.,.,.,.,.,.,"1,504",.,"2,000",.,"4,870","14,553"
PE24A,300,"Paediatric Arrhythmia or Conduction Disorders, with CC Score 2+",.,407,404,.,.,.,.,.,.,.,305,.,.,.,.,.,367,"1,483"
PE24A,320,"Paediatric Arrhythmia or Conduction Disorders, with CC Score 2+","2,067",.,.,.,.,.,.,.,.,.,"1,359",.,.,.,.,"1,104",728,"5,257"
PE24A,420,"Paediatric Arrhythmia or Conduction Disorders, with CC Score 2+",762,609,.,.,"1,735",734,.,.,.,.,.,.,"1,504",.,.,.,541,"5,885"
PE24A,430,"Paediatric Arrhythmia or Conduction Disorders, with CC Score 2+",.,370,.,.,.,.,.,.,.,.,.,.,.,.,.,.,.,370
PE24B,300,"Paediatric Arrhythmia or Conduction Disorders, with CC Score 1",877,.,404,.,.,.,528,.,.,.,.,.,.,.,.,.,.,"1,808"
PE24B,320,"Paediatric Arrhythmia or Conduction Disorders, with CC Score 1",689,422,.,547,.,.,.,.,.,.,.,.,"1,030",.,.,552,.,"3,241"
PE24B,420,"Paediatric Arrhythmia or Conduction Disorders, with CC Score 1","1,525",.,.,.,"1,735",734,.,.,.,.,.,.,.,.,"1,000",.,541,"5,534"
PE24C,300,"Paediatric Arrhythmia or Conduction Disorders, with CC Score 0",.,.,.,.,327,.,.,.,.,.,"1,160",.,.,.,"1,506",.,"1,100","4,093"
PE24C,320,"Paediatric Arrhythmia or Conduction Disorders, with CC Score 0","1,378","1,689",568,.,385,.,.,.,.,.,906,.,"1,641",.,.,"2,760",.,"9,327"
PE24C,420,"Paediatric Arrhythmia or Conduction Disorders, with CC Score 0","3,049",609,.,720,.,.,.,.,.,.,.,866,.,.,"8,001",.,"3,788","17,034"
PE24C,430,"Paediatric Arrhythmia or Conduction Disorders, with CC Score 0",.,.,.,.,.,.,.,.,.,.,388,.,.,.,.,.,.,388
PE62A,180,"Paediatric Syncope and Collapse, with CC Score 2+",.,.,.,.,.,.,.,.,.,.,225,.,.,.,.,.,.,225
PE62A,300,"Paediatric Syncope and Collapse, with CC Score 2+",877,.,.,454,980,.,.,.,376,.,.,.,772,.,.,.,"2,201","5,659"
PE62A,302,"Paediatric Syncope and Collapse, with CC Score 2+",.,.,.,.,.,.,.,.,.,.,.,.,488,.,.,.,.,488
PE62A,320,"Paediatric Syncope and Collapse, with CC Score 2+",.,845,.,.,385,.,.,.,.,.,.,.,"1,221",.,.,.,.,"2,451"
PE62A,420,"Paediatric Syncope and Collapse, with CC Score 2+","3,049","4,875",.,"2,161","3,470",734,.,.,.,.,.,.,"2,256",.,"2,000",.,"1,623","20,168"
PE62B,100,"Paediatric Syncope and Collapse, with CC Score 1",.,.,.,.,.,.,.,.,.,.,.,.,388,.,.,.,.,388
PE62B,180,"Paediatric Syncope and Collapse, with CC Score 1",.,457,.,.,.,.,.,.,.,.,.,.,.,.,.,.,.,457
PE62B,300,"Paediatric Syncope and Collapse, with CC Score 1","2,191",813,.,.,.,.,528,.,376,.,.,.,772,.,.,.,"1,467","6,147"
PE62B,320,"Paediatric Syncope and Collapse, with CC Score 1",.,.,568,"1,094",385,358,.,.,.,.,453,.,611,.,.,.,.,"3,469"
PE62B,420,"Paediatric Syncope and Collapse, with CC Score 1","3,049","4,265",.,"2,161","2,602","1,467",.,.,.,.,.,433,752,.,.,.,"3,247","17,977"
PE62B,430,"Paediatric Syncope and Collapse, with CC Score 1",.,370,.,.,.,.,.,.,.,.,.,.,.,.,.,.,.,370
PE62C,180,"Paediatric Syncope and Collapse, with CC Score 0",.,457,.,.,.,.,.,.,.,.,.,.,.,.,.,.,.,457
PE62C,300,"Paediatric Syncope and Collapse, with CC Score 0",438,407,.,454,654,301,528,.,.,.,773,.,"1,158",.,"1,004",.,"1,834","7,550"
PE62C,320,"Paediatric Syncope and Collapse, with CC Score 0",689,422,568,"2,735",.,.,.,.,.,.,453,.,611,.,.,"1,104",456,"7,038"
PE62C,420,"Paediatric Syncope and Collapse, with CC Score 0","8,385","11,577",.,"1,440","1,735","1,467",.,.,.,.,.,433,"3,009",.,"11,002",.,"8,117","47,165"
PE62C,501,"Paediatric Syncope and Collapse, with CC Score 0",.,.,.,.,.,.,.,.,.,.,.,.,479,.,.,.,.,479
PF21A,100,"Paediatric Infectious or Non-Infectious Gastroenteritis, with CC Score 1+","2,741",.,.,.,876,791,.,.,.,.,525,.,"1,552",.,"1,941",.,.,"8,427"
PF21A,180,"Paediatric Infectious or Non-Infectious Gastroenteritis, with CC Score 1+",.,.,.,.,894,.,.,.,.,.,.,.,.,.,.,.,.,894
PF21A,300,"Paediatric Infectious or Non-Infectious Gastroenteritis, with CC Score 1+","1,753",.,.,.,.,301,"1,055",.,.,.,387,.,"3,089",.,.,.,"1,100","7,685"
PF21A,301,"Paediatric Infectious or Non-Infectious Gastroenteritis, with CC Score 1+",.,374,.,.,.,.,.,.,.,.,.,.,.,.,.,.,.,374
PF21A,350,"Paediatric Infectious or Non-Infectious Gastroenteritis, with CC Score 1+",.,.,.,.,.,.,.,.,.,.,.,.,"25,339",.,.,.,.,"25,339"
PF21A,361,"Paediatric Infectious or Non-Infectious Gastroenteritis, with CC Score 1+",.,.,.,.,.,.,.,.,.,.,.,.,882,.,.,.,.,882
PF21A,420,"Paediatric Infectious or Non-Infectious Gastroenteritis, with CC Score 1+","34,301","18,280",.,"12,964","52,049","25,674",.,.,.,.,.,433,"30,837",.,"16,003",.,"26,517","217,057"
PF21B,100,"Paediatric Infectious or Non-Infectious Gastroenteritis, with CC Score 0","3,198","1,356",532,.,876,791,.,.,.,.,.,.,"1,164",.,"3,236",.,909,"12,061"
PF21B,120,"Paediatric Infectious or Non-Infectious Gastroenteritis, with CC Score 0",540,.,.,.,.,.,.,.,.,.,.,.,.,.,.,.,.,540
PF21B,171,"Paediatric Infectious or Non-Infectious Gastroenteritis, with CC Score 0",.,.,.,.,.,.,.,.,.,.,.,.,814,.,.,.,.,814
PF21B,300,"Paediatric Infectious or Non-Infectious Gastroenteritis, with CC Score 0","3,068",407,.,.,.,603,.,.,.,.,"2,439",.,"3,475",.,.,.,367,"10,357"
PF21B,350,"Paediatric Infectious or Non-Infectious Gastroenteritis, with CC Score 0",.,.,.,.,.,.,.,.,.,.,.,.,"15,837",.,.,.,.,"15,837"
PF21B,420,"Paediatric Infectious or Non-Infectious Gastroenteritis, with CC Score 0","176,080","85,304",.,"46,815","68,531","60,883",.,.,.,.,.,433,"9,778",.,"122,022",.,"86,586","656,431"
PF21B,501,"Paediatric Infectious or Non-Infectious Gastroenteritis, with CC Score 0",.,.,.,.,.,"1,013",.,.,.,.,.,.,.,.,.,.,.,"1,013"
PF25A,171,Paediatric Major Gastrointestinal Disorders with CC Score 7+,.,.,.,.,.,.,.,.,.,.,.,.,"1,627",.,.,.,.,"1,627"
PF25C,100,Paediatric Major Gastrointestinal Disorders with CC Score 3-4,.,.,.,.,.,.,.,.,.,.,.,.,388,.,.,.,455,843
PF25C,420,Paediatric Major Gastrointestinal Disorders with CC Score 3-4,.,.,.,.,.,734,.,.,.,.,.,.,752,.,.,.,"4,870","6,356"
PF25D,100,Paediatric Major Gastrointestinal Disorders with CC Score 1-2,914,.,.,.,.,.,.,.,.,.,.,.,"1,164",.,.,.,.,"2,078"
PF25D,300,Paediatric Major Gastrointestinal Disorders with CC Score 1-2,.,813,.,.,.,.,.,.,.,.,.,.,.,.,.,.,.,813
PF25D,420,Paediatric Major Gastrointestinal Disorders with CC Score 1-2,.,"1,219",.,.,"1,735",.,.,.,.,.,.,.,752,.,.,.,"1,082","4,788"
PF25E,100,Paediatric Major Gastrointestinal Disorders with CC Score 0,457,.,.,.,876,395,.,.,.,.,525,.,"3,104",.,647,.,.,"6,005"
PF25E,300,Paediatric Major Gastrointestinal Disorders with CC Score 0,438,.,404,.,.,.,.,.,.,.,.,.,"1,158",.,502,.,.,"2,503"
PF25E,420,Paediatric Major Gastrointestinal Disorders with CC Score 0,762,"4,265",.,"1,440",.,734,.,.,.,.,.,.,752,.,"3,001",.,"2,165","13,119"
PF26A,171,Paediatric Other Gastrointestinal Disorders with CC Score 4+,.,.,.,.,.,.,.,.,.,.,.,.,814,.,.,.,.,814
PF26A,300,Paediatric Other Gastrointestinal Disorders with CC Score 4+,.,.,.,.,.,.,.,.,.,.,.,.,386,.,.,.,.,386
PF26A,361,Paediatric Other Gastrointestinal Disorders with CC Score 4+,.,.,.,.,.,.,.,.,.,.,.,.,842,.,.,.,.,842
PF26A,420,Paediatric Other Gastrointestinal Disorders with CC Score 4+,"3,049","3,656",.,.,867,.,.,.,.,.,.,433,752,.,.,.,541,"9,299"
PF26B,100,Paediatric Other Gastrointestinal Disorders with CC Score 1-3,"1,370",904,.,.,.,395,.,.,.,.,"1,576",.,"4,268",.,"2,589",.,909,"12,012"
PF26B,120,Paediatric Other Gastrointestinal Disorders with CC Score 1-3,.,.,.,.,378,.,.,.,.,.,.,.,.,.,.,.,.,378
PF26B,171,Paediatric Other Gastrointestinal Disorders with CC Score 1-3,.,.,.,.,.,.,.,.,.,.,.,.,"4,069",.,.,.,.,"4,069"
PF26B,180,Paediatric Other Gastrointestinal Disorders with CC Score 1-3,.,.,.,.,894,.,.,.,.,.,.,.,.,.,.,.,.,894
PF26B,300,Paediatric Other Gastrointestinal Disorders with CC Score 1-3,"1,753",813,"1,616",.,327,603,.,.,376,.,305,.,"1,915",.,"1,004",.,"1,100","9,812"
PF26B,301,Paediatric Other Gastrointestinal Disorders with CC Score 1-3,.,374,.,.,.,.,.,.,.,.,.,.,.,.,.,.,.,374
PF26B,340,Paediatric Other Gastrointestinal Disorders with CC Score 1-3,.,.,465,.,.,.,.,.,.,.,.,.,.,.,.,.,.,465
PF26B,420,Paediatric Other Gastrointestinal Disorders with CC Score 1-3,"37,350","9,749",.,"6,482","10,410","8,802",.,.,.,.,.,"1,300","6,017",.,"5,001",.,"14,070","99,181"
PF26C,100,Paediatric Other Gastrointestinal Disorders with CC Score 0,"11,421","7,231",.,"4,008","6,133","3,953",.,.,.,.,"1,576",.,"4,656",.,"27,826",.,"1,818","68,622"
PF26C,120,Paediatric Other Gastrointestinal Disorders with CC Score 0,540,.,.,.,.,.,.,.,.,.,.,.,.,.,.,.,.,540
PF26C,171,Paediatric Other Gastrointestinal Disorders with CC Score 0,.,.,.,.,.,.,.,.,.,.,.,.,"2,441",.,.,.,.,"2,441"
PF26C,180,Paediatric Other Gastrointestinal Disorders with CC Score 0,.,457,.,.,894,.,.,.,.,.,225,.,.,.,.,.,.,"1,576"
PF26C,300,Paediatric Other Gastrointestinal Disorders with CC Score 0,877,.,"1,616",.,.,.,.,.,.,.,.,.,"1,931",.,502,.,"1,834","6,759"
PF26C,350,Paediatric Other Gastrointestinal Disorders with CC Score 0,.,.,.,.,.,.,.,.,.,.,.,.,"1,584",.,.,.,.,"1,584"
PF26C,420,Paediatric Other Gastrointestinal Disorders with CC Score 0,"57,931","35,340",.,"10,083","10,410","11,736",.,.,.,.,.,"6,498","5,265",.,"49,009",.,"34,634","220,907"
PF27A,100,Paediatric Inflammatory Bowel Disease with CC Score 1+,.,.,.,.,.,.,.,.,.,.,.,.,"1,164",.,.,.,.,"1,164"
PF27A,300,Paediatric Inflammatory Bowel Disease with CC Score 1+,.,.,404,.,327,.,.,.,.,.,.,.,"1,544",.,.,.,"1,100","3,376"
PF27A,420,Paediatric Inflammatory Bowel Disease with CC Score 1+,762,.,.,.,.,.,.,.,.,.,.,.,.,.,.,.,.,762
PF27B,100,Paediatric Inflammatory Bowel Disease with CC Score 0,.,.,.,573,.,.,.,.,.,.,.,.,388,.,647,.,.,"1,608"
PF27B,300,Paediatric Inflammatory Bowel Disease with CC Score 0,438,407,808,907,.,.,.,.,376,.,.,.,"4,247",.,.,.,367,"7,550"
PF27B,420,Paediatric Inflammatory Bowel Disease with CC Score 0,"1,525",609,.,.,.,.,.,.,.,.,.,.,.,.,"3,001",.,.,"5,134"
PF28A,350,"Paediatric Feeding Difficulties or Vomiting, with CC Score 6+",.,.,.,.,.,.,.,.,.,.,.,.,792,.,.,.,.,792
PF28A,420,"Paediatric Feeding Difficulties or Vomiting, with CC Score 6+","1,525",.,.,720,867,.,.,.,.,.,.,.,.,.,.,.,.,"3,112"
PF28B,350,"Paediatric Feeding Difficulties or Vomiting, with CC Score 4-5",.,.,.,.,.,.,.,.,.,.,.,.,792,.,.,.,.,792
PF28B,420,"Paediatric Feeding Difficulties or Vomiting, with CC Score 4-5","1,525","1,219",.,.,"1,735",734,.,.,.,.,.,.,752,.,.,.,"2,165","8,128"
PF28C,100,"Paediatric Feeding Difficulties or Vomiting, with CC Score 2-3",457,.,.,.,.,.,.,.,.,.,.,.,.,.,.,.,.,457
PF28C,171,"Paediatric Feeding Difficulties or Vomiting, with CC Score 2-3",.,.,.,.,.,.,.,.,.,.,.,.,"2,441",.,.,.,.,"2,441"
PF28C,300,"Paediatric Feeding Difficulties or Vomiting, with CC Score 2-3",.,.,.,.,327,.,.,.,.,.,.,.,.,.,.,.,367,694
PF28C,350,"Paediatric Feeding Difficulties or Vomiting, with CC Score 2-3",.,.,.,.,.,.,.,.,.,.,.,.,"1,584",.,.,.,.,"1,584"
PF28C,420,"Paediatric Feeding Difficulties or Vomiting, with CC Score 2-3","4,574","2,437",.,"5,762","3,470","2,934",.,.,.,.,.,"1,300","6,017",.,"2,000",.,"6,494","34,987"
PF28D,100,"Paediatric Feeding Difficulties or Vomiting, with CC Score 1","1,370",.,.,.,.,.,.,.,.,.,.,.,.,.,.,.,.,"1,370"
PF28D,300,"Paediatric Feeding Difficulties or Vomiting, with CC Score 1",438,.,.,.,.,.,.,.,.,.,.,.,386,.,.,.,.,824
PF28D,350,"Paediatric Feeding Difficulties or Vomiting, with CC Score 1",.,.,.,.,.,.,.,.,.,.,.,.,"3,167",.,.,.,.,"3,167"
PF28D,420,"Paediatric Feeding Difficulties or Vomiting, with CC Score 1","21,343","10,358",.,"2,161","5,205",734,.,.,.,.,.,"5,198","8,273",.,"9,002",.,"17,858","80,132"
PF28E,100,"Paediatric Feeding Difficulties or Vomiting, with CC Score 0","2,741",.,.,.,"1,314",395,.,.,.,.,.,.,.,.,.,.,.,"4,450"
PF28E,120,"Paediatric Feeding Difficulties or Vomiting, with CC Score 0",.,450,.,.,378,.,.,.,.,.,.,.,820,.,.,.,.,"1,648"
PF28E,300,"Paediatric Feeding Difficulties or Vomiting, with CC Score 0",.,813,.,.,327,.,.,.,.,.,.,.,772,.,502,.,734,"3,148"
PF28E,350,"Paediatric Feeding Difficulties or Vomiting, with CC Score 0",.,.,.,.,.,.,.,.,.,.,.,.,"5,543",.,.,.,.,"5,543"
PF28E,361,"Paediatric Feeding Difficulties or Vomiting, with CC Score 0",.,.,.,.,.,.,.,.,.,.,.,.,882,.,.,.,.,882
PF28E,420,"Paediatric Feeding Difficulties or Vomiting, with CC Score 0","48,784","46,308",.,"14,405","25,157","12,470",.,.,.,.,.,"17,327","30,085",.,"73,013",.,"30,305","297,854"
PF28E,421,"Paediatric Feeding Difficulties or Vomiting, with CC Score 0",.,.,.,.,.,.,.,.,.,.,.,.,"1,262",.,.,.,.,"1,262"
PF28E,502,"Paediatric Feeding Difficulties or Vomiting, with CC Score 0",.,.,.,.,.,.,.,.,.,.,.,.,.,.,.,.,544,544
PG71A,100,"Paediatric Hepatobiliary or Pancreatic Disorders, with CC Score 2+",.,452,532,.,.,.,.,.,.,.,.,.,.,.,.,.,.,984
PG71A,300,"Paediatric Hepatobiliary or Pancreatic Disorders, with CC Score 2+",.,.,.,.,.,.,.,.,.,.,.,.,386,.,.,.,.,386
PG71A,420,"Paediatric Hepatobiliary or Pancreatic Disorders, with CC Score 2+",.,.,.,.,.,.,.,.,.,.,.,.,"1,504",.,.,.,.,"1,504"
PG71B,100,"Paediatric Hepatobiliary or Pancreatic Disorders, with CC Score 1",.,.,.,.,.,395,.,.,.,.,.,.,.,.,.,.,.,395
PG71C,100,"Paediatric Hepatobiliary or Pancreatic Disorders, with CC Score 0",.,452,.,.,438,.,.,.,.,.,"1,051",.,"1,164",.,647,.,.,"3,752"
PG71C,300,"Paediatric Hepatobiliary or Pancreatic Disorders, with CC Score 0",.,407,"1,616",.,.,.,.,.,.,.,.,.,772,.,.,.,.,"2,795"
PG71C,420,"Paediatric Hepatobiliary or Pancreatic Disorders, with CC Score 0",.,.,.,.,867,.,.,.,.,.,.,.,.,.,"1,000",.,"1,082","2,950"
PH34A,110,"Paediatric Musculoskeletal or Connective Tissue Disorders, with CC Score 5+",519,.,.,.,.,.,.,.,.,.,.,.,.,.,.,.,.,519
PH34A,300,"Paediatric Musculoskeletal or Connective Tissue Disorders, with CC Score 5+",877,.,.,.,.,.,.,.,.,.,.,.,.,.,.,.,.,877
PH34A,320,"Paediatric Musculoskeletal or Connective Tissue Disorders, with CC Score 5+",.,.,.,.,.,.,.,.,.,.,.,.,"1,030",.,.,.,.,"1,030"
PH34A,420,"Paediatric Musculoskeletal or Connective Tissue Disorders, with CC Score 5+","2,287",.,.,.,867,.,.,.,.,.,.,.,.,.,.,.,.,"3,154"
PH34B,110,"Paediatric Musculoskeletal or Connective Tissue Disorders, with CC Score 3-4",519,.,.,.,.,.,.,.,.,.,.,.,"1,893",.,.,.,.,"2,412"
PH34B,300,"Paediatric Musculoskeletal or Connective Tissue Disorders, with CC Score 3-4",438,407,.,.,.,.,.,.,.,.,.,.,.,.,502,.,.,"1,347"
PH34B,320,"Paediatric Musculoskeletal or Connective Tissue Disorders, with CC Score 3-4",.,.,.,.,.,.,.,.,.,.,.,.,611,.,.,.,.,611
PH34B,420,"Paediatric Musculoskeletal or Connective Tissue Disorders, with CC Score 3-4",.,"1,828",.,720,867,734,.,.,.,.,.,.,.,.,.,.,541,"4,690"
PH34C,100,"Paediatric Musculoskeletal or Connective Tissue Disorders, with CC Score 1-2",914,.,.,"1,145",.,.,.,.,.,.,.,.,388,.,647,.,.,"3,094"
PH34C,110,"Paediatric Musculoskeletal or Connective Tissue Disorders, with CC Score 1-2",.,.,.,.,747,.,.,608,.,.,.,.,"4,627",.,.,.,801,"6,783"
PH34C,180,"Paediatric Musculoskeletal or Connective Tissue Disorders, with CC Score 1-2",.,.,.,.,.,.,.,.,.,.,225,.,.,.,.,.,.,225
PH34C,300,"Paediatric Musculoskeletal or Connective Tissue Disorders, with CC Score 1-2",.,407,.,.,654,.,.,.,.,.,.,.,.,.,.,.,.,"1,060"
PH34C,410,"Paediatric Musculoskeletal or Connective Tissue Disorders, with CC Score 1-2",.,395,.,.,.,.,.,.,.,.,.,.,.,.,.,.,.,395
PH34C,420,"Paediatric Musculoskeletal or Connective Tissue Disorders, with CC Score 1-2","6,098","5,484",.,"2,881","4,337","2,934",.,.,.,.,.,"1,733","1,504",.,"1,000",.,"3,247","29,218"
PH34D,100,"Paediatric Musculoskeletal or Connective Tissue Disorders, with CC Score 0",457,.,.,.,.,.,.,.,.,.,.,.,.,.,.,.,.,457
PH34D,110,"Paediatric Musculoskeletal or Connective Tissue Disorders, with CC Score 0",519,.,.,.,"1,768",.,.,"2,464",.,.,.,.,"3,275",.,.,.,.,"8,026"
PH34D,160,"Paediatric Musculoskeletal or Connective Tissue Disorders, with CC Score 0",.,.,.,.,.,.,.,.,.,.,.,.,.,.,.,.,"2,827","2,827"
PH34D,180,"Paediatric Musculoskeletal or Connective Tissue Disorders, with CC Score 0",.,457,.,.,.,.,.,.,.,.,.,.,306,.,.,.,.,763
PH34D,300,"Paediatric Musculoskeletal or Connective Tissue Disorders, with CC Score 0",.,"1,220",.,.,.,.,.,.,.,.,.,.,"1,158",.,502,.,.,"2,880"
PH34D,350,"Paediatric Musculoskeletal or Connective Tissue Disorders, with CC Score 0",.,.,.,.,.,.,.,.,.,.,.,.,792,.,.,.,.,792
PH34D,410,"Paediatric Musculoskeletal or Connective Tissue Disorders, with CC Score 0",.,395,.,.,.,.,.,.,.,.,.,.,.,.,.,.,.,395
PH34D,420,"Paediatric Musculoskeletal or Connective Tissue Disorders, with CC Score 0","16,007","18,280",.,"7,922","1,735","4,401",.,.,.,.,.,"3,899","3,009",.,"9,002",.,"14,070","78,324"
PH34D,502,"Paediatric Musculoskeletal or Connective Tissue Disorders, with CC Score 0",.,.,.,.,.,.,.,.,.,.,.,.,.,.,.,.,544,544
PJ35A,420,Paediatric Skin Disorders with CC Score 4+,762,.,.,.,.,.,.,.,.,.,.,.,"1,504",.,.,.,.,"2,267"
PJ35B,101,Paediatric Skin Disorders with CC Score 2-3,.,.,.,.,.,.,.,.,.,.,.,.,.,.,.,.,385,385
PJ35B,300,Paediatric Skin Disorders with CC Score 2-3,.,.,.,.,327,.,.,.,.,.,.,.,.,.,.,.,.,327
PJ35B,350,Paediatric Skin Disorders with CC Score 2-3,.,.,.,.,.,.,.,.,.,.,.,.,792,.,.,.,.,792
PJ35B,420,Paediatric Skin Disorders with CC Score 2-3,"1,525","1,219",.,720,"3,470","1,467",.,.,.,.,.,.,.,.,.,.,.,"8,400"
PJ35C,300,Paediatric Skin Disorders with CC Score 1,438,.,.,.,.,.,.,.,.,.,.,.,.,.,.,.,367,805
PJ35C,420,Paediatric Skin Disorders with CC Score 1,"3,049","1,828",.,.,"2,602","1,467",.,.,.,.,.,433,"1,504",.,.,.,"2,165","13,049"
PJ35D,100,Paediatric Skin Disorders with CC Score 0,457,.,.,.,883,.,.,.,.,.,.,.,.,.,647,.,.,"1,987"
PJ35D,120,Paediatric Skin Disorders with CC Score 0,.,.,.,.,.,.,.,.,.,.,.,.,820,.,.,.,.,820
PJ35D,130,Paediatric Skin Disorders with CC Score 0,.,.,.,.,.,.,.,.,.,.,.,.,865,.,.,.,.,865
PJ35D,160,Paediatric Skin Disorders with CC Score 0,.,.,.,.,.,.,.,.,.,.,.,.,821,.,.,.,.,821
PJ35D,180,Paediatric Skin Disorders with CC Score 0,.,.,.,.,894,.,.,.,.,.,.,.,306,.,.,.,.,"1,200"
PJ35D,300,Paediatric Skin Disorders with CC Score 0,438,407,.,.,327,.,.,.,.,.,.,.,.,.,.,.,"1,834","3,006"
PJ35D,330,Paediatric Skin Disorders with CC Score 0,"1,311",.,.,.,.,.,.,.,.,.,.,.,.,.,.,.,.,"1,311"
PJ35D,400,Paediatric Skin Disorders with CC Score 0,.,.,.,.,.,.,.,.,.,.,.,.,799,.,.,.,.,799
PJ35D,420,Paediatric Skin Disorders with CC Score 0,"25,154","10,968",.,"7,202","6,072",.,.,.,.,.,.,"3,032","7,521",.,"11,002",.,"15,152","86,105"
PJ35D,501,Paediatric Skin Disorders with CC Score 0,.,955,.,.,.,.,.,.,.,.,.,.,.,.,.,.,.,955
PJ66A,420,"Paediatric Rash or Other Non-Specific Skin Eruption, with CC Score 3+","3,049",.,.,.,867,.,.,.,.,.,.,.,.,.,.,.,541,"4,458"
PJ66B,350,"Paediatric Rash or Other Non-Specific Skin Eruption, with CC Score 1-2",.,.,.,.,.,.,.,.,.,.,.,.,792,.,.,.,.,792
PJ66B,420,"Paediatric Rash or Other Non-Specific Skin Eruption, with CC Score 1-2","5,336","1,219",.,"1,440","2,602",734,.,.,.,.,.,.,752,.,"4,001",.,"4,870","20,954"
PJ66C,300,"Paediatric Rash or Other Non-Specific Skin Eruption, with CC Score 0",.,.,.,.,.,.,.,.,.,.,773,.,.,.,.,.,.,773
PJ66C,350,"Paediatric Rash or Other Non-Specific Skin Eruption, with CC Score 0",.,.,.,.,.,.,.,.,.,.,.,.,792,.,.,.,.,792
PJ66C,420,"Paediatric Rash or Other Non-Specific Skin Eruption, with CC Score 0","19,056","9,140",.,"3,601","1,735",.,.,.,.,.,.,"3,465","1,504",.,"7,001",.,"10,282","55,785"
PK36A,300,"Paediatric Endocrine Disorders, excluding Diabetes Mellitus, with CC Score 4+",438,.,.,.,.,.,.,.,.,.,.,.,.,.,.,.,.,438
PK36A,420,"Paediatric Endocrine Disorders, excluding Diabetes Mellitus, with CC Score 4+",.,.,.,.,.,.,.,.,.,.,.,.,752,.,.,.,.,752
PK36B,100,"Paediatric Endocrine Disorders, excluding Diabetes Mellitus, with CC Score 1-3",.,.,.,.,"1,314",.,.,.,.,.,.,.,.,.,.,.,.,"1,314"
PK36B,300,"Paediatric Endocrine Disorders, excluding Diabetes Mellitus, with CC Score 1-3",.,813,.,.,.,.,.,.,.,.,.,.,.,.,.,.,.,813
PK36B,420,"Paediatric Endocrine Disorders, excluding Diabetes Mellitus, with CC Score 1-3",.,.,.,.,867,.,.,.,.,.,.,.,.,.,.,.,.,867
PK36C,100,"Paediatric Endocrine Disorders, excluding Diabetes Mellitus, with CC Score 0",.,.,.,.,876,.,.,.,.,.,.,.,.,.,.,.,.,876
PK36C,300,"Paediatric Endocrine Disorders, excluding Diabetes Mellitus, with CC Score 0",.,.,.,.,.,.,.,.,.,.,"1,160",.,.,.,.,.,.,"1,160"
PK36C,420,"Paediatric Endocrine Disorders, excluding Diabetes Mellitus, with CC Score 0",762,.,.,.,867,.,.,.,.,.,.,.,.,.,.,.,"1,623","3,253"
PK36C,430,"Paediatric Endocrine Disorders, excluding Diabetes Mellitus, with CC Score 0",.,.,.,.,.,.,.,.,.,.,388,.,.,.,.,.,.,388
PK67A,300,"Paediatric Diabetes Mellitus, with Ketoacidosis or Coma, with CC Score 1+",877,813,.,.,980,.,.,.,.,.,773,.,772,.,.,.,367,"4,582"
PK67A,302,"Paediatric Diabetes Mellitus, with Ketoacidosis or Coma, with CC Score 1+",.,.,.,.,.,.,.,.,.,.,.,.,488,.,.,.,.,488
PK67A,361,"Paediatric Diabetes Mellitus, with Ketoacidosis or Coma, with CC Score 1+",.,.,.,.,.,409,.,.,.,.,.,.,.,.,.,.,.,409
PK67A,420,"Paediatric Diabetes Mellitus, with Ketoacidosis or Coma, with CC Score 1+",.,.,.,"2,161",867,.,.,.,.,.,.,.,"1,504",.,.,.,.,"4,532"
PK67A,430,"Paediatric Diabetes Mellitus, with Ketoacidosis or Coma, with CC Score 1+",.,.,.,.,.,.,.,.,.,.,388,.,.,.,.,.,.,388
PK67B,300,"Paediatric Diabetes Mellitus, with Ketoacidosis or Coma, with CC Score 0","2,191",813,.,907,327,301,.,.,.,.,"2,572",.,"1,158",.,502,.,"3,301","12,073"
PK67B,302,"Paediatric Diabetes Mellitus, with Ketoacidosis or Coma, with CC Score 0",.,.,.,.,.,.,.,.,.,.,.,.,"1,465",.,.,.,.,"1,465"
PK67B,420,"Paediatric Diabetes Mellitus, with Ketoacidosis or Coma, with CC Score 0",.,"3,656",.,.,"2,602","3,668",.,.,.,.,.,.,"3,761",.,.,.,"4,329","18,016"
PK68A,100,"Paediatric Diabetes Mellitus, without Ketoacidosis or Coma, with CC Score 3+",.,.,.,.,438,.,.,.,.,.,.,.,.,.,.,.,.,438
PK68A,300,"Paediatric Diabetes Mellitus, without Ketoacidosis or Coma, with CC Score 3+",.,.,.,.,.,.,528,.,.,.,.,.,.,.,502,.,.,"1,030"
PK68A,420,"Paediatric Diabetes Mellitus, without Ketoacidosis or Coma, with CC Score 3+","2,287",609,.,.,"1,735",734,.,.,.,.,.,.,752,.,.,.,.,"6,117"
PK68B,300,"Paediatric Diabetes Mellitus, without Ketoacidosis or Coma, with CC Score 1-2",877,407,.,.,.,.,.,.,.,.,773,.,"1,158",.,.,.,734,"3,948"
PK68B,302,"Paediatric Diabetes Mellitus, without Ketoacidosis or Coma, with CC Score 1-2",.,.,.,.,.,.,.,.,.,.,.,.,"1,465",.,.,.,.,"1,465"
PK68B,350,"Paediatric Diabetes Mellitus, without Ketoacidosis or Coma, with CC Score 1-2",.,.,.,.,.,.,.,.,.,.,.,.,792,.,.,.,.,792
PK68B,420,"Paediatric Diabetes Mellitus, without Ketoacidosis or Coma, with CC Score 1-2","2,287","6,093",.,"1,440","8,675","1,467",.,.,.,.,.,433,"3,009",.,.,.,"2,706","26,110"
PK68C,300,"Paediatric Diabetes Mellitus, without Ketoacidosis or Coma, with CC Score 0",877,.,.,454,.,.,528,.,.,.,.,.,.,.,.,.,367,"2,224"
PK68C,302,"Paediatric Diabetes Mellitus, without Ketoacidosis or Coma, with CC Score 0",.,.,.,.,.,.,.,.,.,.,.,.,488,.,.,.,.,488
PK68C,420,"Paediatric Diabetes Mellitus, without Ketoacidosis or Coma, with CC Score 0","3,049","6,702",.,"3,601","7,807","1,467",.,.,.,.,.,.,"3,761",.,"8,001",.,"10,282","44,671"
PK68C,430,"Paediatric Diabetes Mellitus, without Ketoacidosis or Coma, with CC Score 0",.,.,.,.,.,.,.,.,.,.,388,.,.,.,.,.,.,388
PK72B,101,Paediatric Metabolic Disorders with CC Score 1-3,.,.,.,.,420,.,.,.,.,.,.,.,.,.,.,.,.,420
PK72C,300,Paediatric Metabolic Disorders with CC Score 0,.,.,.,.,.,.,.,.,.,.,.,.,.,.,502,.,.,502
PL38A,361,"Paediatric Renal Disease with Renal Failure, with CC Score 3+",.,.,"1,408",.,.,.,.,.,.,.,.,.,.,.,.,.,.,"1,408"
PL38B,171,"Paediatric Renal Disease with Renal Failure, with CC Score 1-2",.,.,.,.,.,.,.,.,.,.,.,.,814,.,.,.,.,814
PL38B,300,"Paediatric Renal Disease with Renal Failure, with CC Score 1-2",.,.,.,.,.,301,.,.,.,.,.,.,.,.,.,.,.,301
PL38B,420,"Paediatric Renal Disease with Renal Failure, with CC Score 1-2",.,.,.,720,.,.,.,.,.,.,.,.,.,.,.,.,.,720
PL38B,421,"Paediatric Renal Disease with Renal Failure, with CC Score 1-2",.,.,.,.,.,.,.,.,.,.,.,.,"1,262",.,.,.,.,"1,262"
PL38C,420,"Paediatric Renal Disease with Renal Failure, with CC Score 0",.,609,.,720,.,.,.,.,.,.,.,.,.,.,.,.,541,"1,871"
PL69A,100,"Paediatric Nephritic or Nephrotic Renal Diseases, with CC Score 2+",.,.,.,.,.,.,.,.,.,.,.,.,.,.,.,.,455,455
PL69A,300,"Paediatric Nephritic or Nephrotic Renal Diseases, with CC Score 2+",.,.,.,.,.,.,.,.,.,.,.,.,772,.,.,.,.,772
PL69A,420,"Paediatric Nephritic or Nephrotic Renal Diseases, with CC Score 2+",.,.,.,.,.,.,.,.,.,.,.,.,.,.,.,.,"1,082","1,082"
PL69B,100,"Paediatric Nephritic or Nephrotic Renal Diseases, with CC Score 1",.,.,.,.,.,.,.,.,.,.,.,.,.,.,.,.,455,455
PL69B,180,"Paediatric Nephritic or Nephrotic Renal Diseases, with CC Score 1",.,.,.,.,894,.,.,.,.,.,.,.,.,.,.,.,.,894
PL69B,300,"Paediatric Nephritic or Nephrotic Renal Diseases, with CC Score 1",.,.,.,.,.,.,.,.,.,.,.,.,.,.,.,.,734,734
PL69B,420,"Paediatric Nephritic or Nephrotic Renal Diseases, with CC Score 1",.,609,.,.,.,.,.,.,.,.,.,.,.,.,.,.,"7,035","7,644"
PL69C,100,"Paediatric Nephritic or Nephrotic Renal Diseases, with CC Score 0",.,.,.,.,876,791,.,.,.,.,.,.,.,.,.,.,.,"1,667"
PL69C,101,"Paediatric Nephritic or Nephrotic Renal Diseases, with CC Score 0",.,.,.,.,839,.,.,.,.,.,.,.,.,.,.,.,.,839
PL69C,180,"Paediatric Nephritic or Nephrotic Renal Diseases, with CC Score 0",.,.,.,.,.,.,.,.,.,.,.,.,"1,530",.,.,.,.,"1,530"
PL69C,300,"Paediatric Nephritic or Nephrotic Renal Diseases, with CC Score 0",438,407,.,.,327,.,.,.,376,.,387,.,772,.,502,.,"1,467","4,675"
PL69C,420,"Paediatric Nephritic or Nephrotic Renal Diseases, with CC Score 0",.,609,.,.,.,.,.,.,.,.,.,.,.,.,"1,000",.,"4,870","6,480"
PL70A,101,Paediatric Other Renal Diseases with CC Score 4+,.,.,.,.,420,.,.,.,.,.,.,.,.,.,.,.,.,420
PL70A,171,Paediatric Other Renal Diseases with CC Score 4+,.,.,.,.,.,.,.,.,.,.,.,.,"1,627",.,.,.,.,"1,627"
PL70A,420,Paediatric Other Renal Diseases with CC Score 4+,762,.,.,.,.,"2,201",.,.,.,.,.,.,.,.,.,.,.,"2,963"
PL70B,100,Paediatric Other Renal Diseases with CC Score 2-3,.,.,.,573,438,.,.,.,.,.,.,.,.,.,647,.,.,"1,658"
PL70B,101,Paediatric Other Renal Diseases with CC Score 2-3,.,.,.,.,420,.,.,.,.,.,.,.,.,.,.,.,.,420
PL70B,180,Paediatric Other Renal Diseases with CC Score 2-3,.,457,.,.,.,.,.,.,.,.,.,.,.,.,.,.,.,457
PL70B,300,Paediatric Other Renal Diseases with CC Score 2-3,.,.,.,.,.,.,.,.,.,.,.,.,.,.,.,.,367,367
PL70B,420,Paediatric Other Renal Diseases with CC Score 2-3,"2,287",609,.,.,"1,735",.,.,.,.,.,.,.,752,.,.,.,541,"5,924"
PL70C,100,Paediatric Other Renal Diseases with CC Score 1,"1,827",904,.,573,.,395,.,.,.,.,525,.,.,.,647,.,455,"5,326"
PL70C,101,Paediatric Other Renal Diseases with CC Score 1,.,.,675,.,420,.,.,.,.,.,.,.,.,.,.,.,.,"1,094"
PL70C,171,Paediatric Other Renal Diseases with CC Score 1,.,.,.,.,.,.,.,.,.,.,.,.,"1,627",.,.,.,.,"1,627"
PL70C,300,Paediatric Other Renal Diseases with CC Score 1,.,.,.,.,327,.,.,.,.,.,334,.,.,.,.,.,.,661
PL70C,420,Paediatric Other Renal Diseases with CC Score 1,762,"1,828",.,"2,161","1,735",734,.,.,.,.,.,.,752,.,.,.,"2,706","10,677"
PL70D,100,Paediatric Other Renal Diseases with CC Score 0,"7,309","6,779",.,"5,153",438,"1,581",.,.,.,.,"1,576",.,.,.,"9,707",.,455,"32,998"
PL70D,101,Paediatric Other Renal Diseases with CC Score 0,"1,695",.,"4,724",657,"3,357",.,.,.,.,.,.,.,.,.,.,.,385,"10,817"
PL70D,171,Paediatric Other Renal Diseases with CC Score 0,.,.,.,.,.,.,.,.,.,.,.,.,"1,627",.,.,.,.,"1,627"
PL70D,180,Paediatric Other Renal Diseases with CC Score 0,.,457,.,.,.,.,.,.,.,.,.,.,306,.,.,.,.,763
PL70D,300,Paediatric Other Renal Diseases with CC Score 0,.,813,.,.,.,.,.,.,.,.,.,.,.,.,.,.,.,813
PL70D,350,Paediatric Other Renal Diseases with CC Score 0,.,.,.,.,.,.,.,.,.,.,.,.,792,.,.,.,.,792
PL70D,420,Paediatric Other Renal Diseases with CC Score 0,"6,860","3,656",.,"1,440","2,602",.,.,.,.,.,.,433,.,.,"5,001",.,"8,659","28,652"
PM40A,370,"Paediatric Acute Lymphoblastic Leukaemia with length of stay 1 day or more, with CC Score 3+",.,.,.,.,.,.,.,.,.,.,.,.,"1,180",.,.,.,.,"1,180"
PM40B,420,"Paediatric Acute Lymphoblastic Leukaemia with length of stay 1 day or more, with CC Score 1-2",.,.,.,720,.,.,.,.,.,.,.,.,.,.,.,.,.,720
PM40C,420,"Paediatric Acute Lymphoblastic Leukaemia with length of stay 1 day or more, with CC Score 0",.,.,.,720,.,.,.,.,.,.,.,.,.,.,.,.,.,720
PM41Z,420,Paediatric Other Haematological Malignancies with length of stay 1 day or more,.,.,.,.,867,.,.,.,.,.,.,.,.,.,.,.,.,867
PM42A,370,"Paediatric Brain Tumours with length of stay 1 day or more, with CC score 1+",.,.,.,.,.,.,.,.,.,.,.,.,"1,185",.,.,.,.,"1,185"
PM42B,300,"Paediatric Brain Tumours with length of stay 1 day or more, with CC score 0",.,.,.,.,.,.,.,.,.,.,.,.,386,.,.,.,.,386
PM43B,420,"Paediatric Other Neoplasms with length of stay 1 day or more, with CC Score 1-4",.,.,.,.,867,.,.,.,.,.,.,.,.,.,.,.,.,867
PM43C,420,"Paediatric Other Neoplasms with length of stay 1 day or more, with CC Score 0",.,609,.,.,.,.,.,.,.,.,.,.,.,.,.,.,.,609
PM44Z,180,Paediatric Neoplasm Diagnoses with length of stay 0 days,.,457,.,.,.,.,.,.,.,.,.,.,.,.,.,.,.,457
PM44Z,300,Paediatric Neoplasm Diagnoses with length of stay 0 days,.,407,.,.,327,.,.,.,.,.,.,.,.,.,.,.,.,733
PM44Z,420,Paediatric Neoplasm Diagnoses with length of stay 0 days,.,609,.,.,.,.,.,.,.,.,.,.,752,.,.,.,541,"1,903"
PM45D,420,"Paediatric Febrile Neutropenia with Malignancy, with CC Score 0",.,.,.,.,.,"1,467",.,.,.,.,.,.,.,.,.,.,.,"1,467"
PN47B,420,"Paediatric Sickle-Cell Anaemia with Crisis, with CC Score 0",.,.,.,.,.,.,.,.,.,.,.,.,.,.,"2,000",.,.,"2,000"
PN48B,300,Paediatric Blood Cell Disorders with CC Score 1-4,.,813,.,.,.,.,.,.,.,.,.,.,386,.,.,.,734,"1,933"
PN48B,303,Paediatric Blood Cell Disorders with CC Score 1-4,555,.,712,.,.,.,.,.,.,.,.,.,.,.,.,.,.,"1,267"
PN48B,420,Paediatric Blood Cell Disorders with CC Score 1-4,"1,525",609,.,.,867,"1,467",.,.,.,.,.,433,.,.,.,.,"1,623","6,525"
PN48B,502,Paediatric Blood Cell Disorders with CC Score 1-4,589,.,.,.,.,.,.,.,.,.,.,.,.,.,.,.,.,589
PN48B,823,Paediatric Blood Cell Disorders with CC Score 1-4,.,.,.,.,.,.,.,.,.,.,.,.,"1,074",.,.,.,.,"1,074"
PN48C,300,Paediatric Blood Cell Disorders with CC Score 0,438,.,.,.,.,.,.,.,.,.,.,.,772,.,.,.,.,"1,211"
PN48C,420,Paediatric Blood Cell Disorders with CC Score 0,"2,287","3,047",.,.,.,.,.,.,.,.,.,.,752,.,"2,000",.,"5,953","14,039"
PN49A,300,Paediatric Coagulation Disorders with CC Score 1+,.,.,.,.,327,.,.,.,.,.,.,.,.,.,.,.,.,327
PN49A,350,Paediatric Coagulation Disorders with CC Score 1+,.,.,.,.,.,.,.,.,.,.,.,.,792,.,.,.,.,792
PN49A,420,Paediatric Coagulation Disorders with CC Score 1+,"5,336","1,219",.,720,"4,337",.,.,.,.,.,.,433,752,.,"1,000",.,"1,082","14,880"
PN49A,823,Paediatric Coagulation Disorders with CC Score 1+,.,.,.,.,.,.,.,.,.,.,.,.,"1,034",.,.,.,.,"1,034"
PN49B,300,Paediatric Coagulation Disorders with CC Score 0,.,.,.,.,.,.,.,.,.,.,.,.,.,.,.,.,367,367
PN49B,303,Paediatric Coagulation Disorders with CC Score 0,.,.,712,.,.,.,.,.,.,.,.,.,.,.,.,.,.,712
PN49B,350,Paediatric Coagulation Disorders with CC Score 0,.,.,.,.,.,.,.,.,.,.,.,.,"1,584",.,.,.,.,"1,584"
PN49B,420,Paediatric Coagulation Disorders with CC Score 0,"7,623","1,219",.,720,"4,337",.,.,.,.,.,.,866,"3,009",.,"6,001",.,"7,576","31,351"
PP64A,130,Paediatric Non-Surgical Ophthalmology with CC Score 1+,206,.,.,.,.,.,.,.,.,.,.,.,"1,730",.,.,.,.,"1,936"
PP64A,420,Paediatric Non-Surgical Ophthalmology with CC Score 1+,762,609,.,720,.,.,.,.,.,.,.,.,752,.,.,.,541,"3,385"
PP64B,100,Paediatric Non-Surgical Ophthalmology with CC Score 0,457,.,.,.,.,.,.,.,.,.,.,.,.,.,.,.,.,457
PP64B,130,Paediatric Non-Surgical Ophthalmology with CC Score 0,308,.,.,.,.,.,.,.,.,.,.,.,"1,730",.,.,.,.,"2,039"
PP64B,300,Paediatric Non-Surgical Ophthalmology with CC Score 0,877,.,.,.,.,.,.,.,.,.,.,.,386,.,.,.,367,"1,629"
PP64B,320,Paediatric Non-Surgical Ophthalmology with CC Score 0,.,.,.,.,.,.,.,.,.,.,.,.,.,.,799,.,.,799
PP64B,420,Paediatric Non-Surgical Ophthalmology with CC Score 0,"6,098","4,875",.,"1,440",867,.,.,.,.,.,.,.,"2,256",.,"3,001",.,"2,706","21,243"
PP64B,421,Paediatric Non-Surgical Ophthalmology with CC Score 0,.,.,.,.,.,.,.,.,.,.,.,.,"1,262",.,.,.,.,"1,262"
PP64B,430,Paediatric Non-Surgical Ophthalmology with CC Score 0,.,.,.,.,.,.,.,.,.,.,388,.,.,.,.,.,.,388
PR01A,420,Paediatric Nervous System Disorders with CC Score 8+,762,.,.,.,.,.,.,.,.,.,.,.,.,.,.,.,.,762
PR01B,300,Paediatric Nervous System Disorders with CC Score 5-7,.,.,.,.,.,.,.,.,.,.,.,.,.,.,.,.,367,367
PR01B,420,Paediatric Nervous System Disorders with CC Score 5-7,.,"1,219",.,.,867,.,.,.,.,.,.,.,.,.,"1,000",.,.,"3,086"
PR01C,110,Paediatric Nervous System Disorders with CC Score 2-4,.,.,.,.,.,.,.,.,.,.,.,.,"1,338",.,.,.,.,"1,338"
PR01C,300,Paediatric Nervous System Disorders with CC Score 2-4,438,.,.,.,.,.,528,.,.,.,.,.,"1,544",.,.,.,367,"2,877"
PR01C,420,Paediatric Nervous System Disorders with CC Score 2-4,762,"1,219",.,"1,440","2,602","2,201",.,.,.,.,.,866,"3,761",.,.,.,"2,706","15,557"
PR01C,421,Paediatric Nervous System Disorders with CC Score 2-4,.,.,.,.,.,.,.,.,.,.,.,.,"2,524",.,.,.,.,"2,524"
PR01D,100,Paediatric Nervous System Disorders with CC Score 1,.,.,.,.,438,.,.,.,.,.,.,.,.,.,.,.,.,438
PR01D,110,Paediatric Nervous System Disorders with CC Score 1,.,.,.,.,.,.,.,.,.,.,.,.,669,.,.,.,.,669
PR01D,120,Paediatric Nervous System Disorders with CC Score 1,.,.,.,.,.,.,.,.,.,.,.,.,820,.,.,.,.,820
PR01D,300,Paediatric Nervous System Disorders with CC Score 1,877,.,.,.,654,301,.,.,752,.,.,.,.,.,502,.,.,"3,085"
PR01D,320,Paediatric Nervous System Disorders with CC Score 1,.,.,.,.,.,.,.,.,.,.,.,.,.,.,.,552,.,552
PR01D,400,Paediatric Nervous System Disorders with CC Score 1,.,.,.,.,.,.,.,.,.,.,.,.,799,.,.,.,.,799
PR01D,420,Paediatric Nervous System Disorders with CC Score 1,"3,049","1,219",.,"1,440","1,735","1,467",.,.,.,.,.,.,"3,009",.,.,.,541,"12,460"
PR01E,100,Paediatric Nervous System Disorders with CC Score 0,457,.,.,.,.,.,.,.,.,.,.,.,.,.,.,.,.,457
PR01E,110,Paediatric Nervous System Disorders with CC Score 0,519,.,.,.,.,.,.,.,.,.,.,.,"2,008",.,.,.,.,"2,527"
PR01E,130,Paediatric Nervous System Disorders with CC Score 0,103,.,.,.,.,.,.,.,.,.,.,.,865,.,.,.,.,968
PR01E,180,Paediatric Nervous System Disorders with CC Score 0,.,913,.,.,894,.,.,.,.,.,.,.,306,.,.,.,.,"2,114"
PR01E,300,Paediatric Nervous System Disorders with CC Score 0,"1,753",.,.,454,654,301,.,.,.,.,387,.,386,.,502,.,"1,467","5,903"
PR01E,420,Paediatric Nervous System Disorders with CC Score 0,"19,819","10,358",.,"4,321","6,072","2,201",.,.,.,.,.,433,"9,026",.,"9,002",.,"10,282","71,514"
PR01E,501,Paediatric Nervous System Disorders with CC Score 0,.,.,.,.,939,.,.,.,.,.,.,.,.,.,.,.,.,939
PR01E,823,Paediatric Nervous System Disorders with CC Score 0,.,.,.,.,.,.,.,.,.,.,.,.,"1,034",.,.,.,.,"1,034"
PR02A,420,Paediatric Epilepsy Syndrome with CC Score 6+,.,"1,219",.,.,867,.,.,.,.,.,.,.,"3,009",.,.,.,.,"5,095"
PR02A,421,Paediatric Epilepsy Syndrome with CC Score 6+,.,.,.,.,.,.,.,.,.,.,.,.,"2,524",.,.,.,.,"2,524"
PR02B,180,Paediatric Epilepsy Syndrome with CC Score 1-5,.,913,.,.,.,.,.,.,.,.,.,.,.,.,.,.,.,913
PR02B,300,Paediatric Epilepsy Syndrome with CC Score 1-5,"1,315","1,220",.,.,327,.,.,.,.,.,305,.,"1,544",.,"2,511",.,.,"7,222"
PR02B,301,Paediatric Epilepsy Syndrome with CC Score 1-5,.,374,.,.,.,.,.,.,.,.,.,.,.,.,.,.,.,374
PR02B,420,Paediatric Epilepsy Syndrome with CC Score 1-5,"15,245","4,265",.,"2,881","3,470","2,934",.,.,.,.,.,866,"6,017",.,"7,001",.,"6,494","49,174"
PR02B,421,Paediatric Epilepsy Syndrome with CC Score 1-5,.,.,.,.,.,.,.,.,.,.,.,.,"13,880",.,.,.,.,"13,880"
PR02B,823,Paediatric Epilepsy Syndrome with CC Score 1-5,.,.,.,.,.,.,.,.,.,.,.,.,"1,034",.,.,.,.,"1,034"
PR02C,180,Paediatric Epilepsy Syndrome with CC Score 0,.,913,.,.,.,.,.,.,.,.,.,.,.,.,.,.,.,913
PR02C,300,Paediatric Epilepsy Syndrome with CC Score 0,.,"1,626",.,.,327,.,528,.,.,.,773,.,"1,544",.,"1,004",.,"2,201","8,003"
PR02C,320,Paediatric Epilepsy Syndrome with CC Score 0,.,.,.,547,.,.,.,.,.,.,.,.,.,.,.,.,.,547
PR02C,350,Paediatric Epilepsy Syndrome with CC Score 0,.,.,.,.,.,.,.,.,.,.,.,.,792,.,.,.,.,792
PR02C,420,Paediatric Epilepsy Syndrome with CC Score 0,"6,860","5,484",.,"3,601","6,072","1,467",.,.,.,.,.,.,"8,273",.,"8,001",.,"10,823","50,583"
PR02C,421,Paediatric Epilepsy Syndrome with CC Score 0,.,.,.,.,.,.,.,.,.,.,.,.,"2,524",.,.,.,.,"2,524"
PR03A,100,Paediatric Febrile Convulsions with CC Score 4+,.,452,.,.,.,.,.,.,.,.,.,.,.,.,.,.,.,452
PR03A,150,Paediatric Febrile Convulsions with CC Score 4+,.,.,.,.,.,.,.,.,.,.,.,.,"1,074",.,.,.,.,"1,074"
PR03A,300,Paediatric Febrile Convulsions with CC Score 4+,.,.,.,.,.,.,.,.,.,.,.,.,386,.,.,.,734,"1,120"
PR03A,350,Paediatric Febrile Convulsions with CC Score 4+,.,.,.,.,.,.,.,.,.,.,.,.,792,.,.,.,.,792
PR03A,420,Paediatric Febrile Convulsions with CC Score 4+,.,"4,265",.,.,"2,602",734,.,.,.,.,.,.,"3,009",.,"1,000",.,.,"11,610"
PR03B,180,Paediatric Febrile Convulsions with CC Score 1-3,.,457,.,.,.,.,.,.,.,.,.,.,306,.,.,.,.,763
PR03B,300,Paediatric Febrile Convulsions with CC Score 1-3,"2,630","1,626",.,454,.,"1,205",.,.,376,.,773,.,"3,475",.,502,.,"3,301","14,342"
PR03B,301,Paediatric Febrile Convulsions with CC Score 1-3,.,748,.,.,.,.,.,.,.,.,.,.,.,.,.,.,.,748
PR03B,350,Paediatric Febrile Convulsions with CC Score 1-3,.,.,.,.,.,.,.,.,.,.,.,.,"2,376",.,.,.,.,"2,376"
PR03B,400,Paediatric Febrile Convulsions with CC Score 1-3,.,.,.,.,.,.,.,.,.,.,.,.,799,.,.,.,.,799
PR03B,420,Paediatric Febrile Convulsions with CC Score 1-3,"25,154","21,935",.,"10,803","35,567","8,069",.,.,.,.,.,.,"7,521",.,"17,003",.,"18,399","144,452"
PR03C,180,Paediatric Febrile Convulsions with CC Score 0,.,"2,284",.,.,894,.,.,.,.,.,.,.,918,.,.,.,.,"4,096"
PR03C,300,Paediatric Febrile Convulsions with CC Score 0,"2,191",407,.,.,980,.,.,.,752,.,387,.,"3,475",.,502,.,"1,100","9,794"
PR03C,350,Paediatric Febrile Convulsions with CC Score 0,.,.,.,.,.,.,.,.,.,.,.,.,"2,376",.,.,.,.,"2,376"
PR03C,420,Paediatric Febrile Convulsions with CC Score 0,"28,966","29,857",.,"10,803","15,615","8,802",.,.,.,.,.,.,"24,068",.,"28,005",.,"18,399","164,515"
PR03C,430,Paediatric Febrile Convulsions with CC Score 0,.,370,.,.,.,.,.,.,.,.,.,.,.,.,.,.,.,370
PR04A,150,"Paediatric Headaches or Migraines, with CC Score 4+",.,.,.,.,.,.,.,.,.,.,.,.,"2,149",.,.,.,.,"2,149"
PR04A,300,"Paediatric Headaches or Migraines, with CC Score 4+",438,.,.,.,.,.,.,.,.,.,.,.,772,.,.,.,.,"1,211"
PR04A,420,"Paediatric Headaches or Migraines, with CC Score 4+","5,336",.,.,.,.,.,.,.,.,.,.,.,.,.,"2,000",.,.,"7,336"
PR04A,421,"Paediatric Headaches or Migraines, with CC Score 4+",.,.,.,.,.,.,.,.,.,.,.,.,"1,262",.,.,.,.,"1,262"
PR04B,100,"Paediatric Headaches or Migraines, with CC Score 1-3",914,452,.,.,.,.,.,.,.,.,.,.,.,.,647,.,.,"2,013"
PR04B,180,"Paediatric Headaches or Migraines, with CC Score 1-3",.,.,.,.,894,.,.,.,.,.,.,.,.,.,.,.,.,894
PR04B,300,"Paediatric Headaches or Migraines, with CC Score 1-3","1,315","1,626",.,907,"1,307",301,.,.,752,.,"2,491",.,"5,019",.,"1,004",.,"2,568","17,290"
PR04B,320,"Paediatric Headaches or Migraines, with CC Score 1-3",.,.,.,.,.,.,.,.,.,.,453,.,.,.,.,.,.,453
PR04B,340,"Paediatric Headaches or Migraines, with CC Score 1-3",.,.,465,.,.,.,.,.,.,.,.,.,.,.,.,.,.,465
PR04B,350,"Paediatric Headaches or Migraines, with CC Score 1-3",.,.,.,.,.,.,.,.,.,.,.,.,"1,035",.,.,.,.,"1,035"
PR04B,420,"Paediatric Headaches or Migraines, with CC Score 1-3","14,483","4,265",.,"5,762","1,735","1,467",.,.,.,.,.,433,"3,761",.,"7,001",.,"6,494","45,401"
PR04B,421,"Paediatric Headaches or Migraines, with CC Score 1-3",.,.,.,.,.,.,.,.,.,.,.,.,"1,262",.,.,.,.,"1,262"
PR04B,430,"Paediatric Headaches or Migraines, with CC Score 1-3",.,370,.,.,363,.,.,.,.,.,.,.,.,.,.,.,.,733
PR04C,180,"Paediatric Headaches or Migraines, with CC Score 0",.,457,.,.,894,.,.,.,.,.,.,.,.,.,.,.,.,"1,351"
PR04C,300,"Paediatric Headaches or Migraines, with CC Score 0","3,068","4,066",.,.,980,603,.,.,"1,503",.,387,.,"1,931",.,"1,004",.,"1,467","15,009"
PR04C,420,"Paediatric Headaches or Migraines, with CC Score 0","12,196","12,796",.,"4,321","2,602","2,201",.,.,.,.,.,"1,300","1,504",.,"12,002",.,"5,412","54,334"
PR05A,420,Paediatric Developmental Disorders with CC Score 2+,.,.,.,.,.,.,.,.,.,.,.,.,.,.,"1,000",.,.,"1,000"
PR05B,300,Paediatric Developmental Disorders with CC Score 1,.,.,.,.,327,301,.,.,.,.,.,.,.,.,.,.,.,628
PR05C,300,Paediatric Developmental Disorders with CC Score 0,.,.,.,.,.,301,.,.,.,.,.,.,.,.,.,.,.,301
PR05C,420,Paediatric Developmental Disorders with CC Score 0,.,.,.,.,.,.,.,.,.,.,.,.,.,.,.,.,541,541
PR06B,150,Paediatric Intracranial Injury with CC Score 1-2,.,.,.,.,.,.,.,.,.,.,.,.,953,.,.,.,.,953
PR06B,171,Paediatric Intracranial Injury with CC Score 1-2,.,.,.,.,.,.,.,.,.,.,.,.,"1,627",.,.,.,.,"1,627"
PR06B,420,Paediatric Intracranial Injury with CC Score 1-2,.,.,.,.,.,.,.,.,.,.,.,.,.,.,.,.,541,541
PR06C,100,Paediatric Intracranial Injury with CC Score 0,.,.,.,.,.,395,.,.,.,.,.,.,.,.,.,.,.,395
PR06C,420,Paediatric Intracranial Injury with CC Score 0,.,.,.,.,.,.,.,.,.,.,.,.,.,.,.,.,541,541
PR07A,100,Paediatric Non-Intracranial Head Injury with CC Score 1+,"12,334","1,356",.,573,"4,381","1,581",.,.,.,.,525,.,"1,164",.,647,.,909,"23,470"
PR07A,110,Paediatric Non-Intracranial Head Injury with CC Score 1+,.,.,.,.,.,.,.,.,.,.,.,.,612,.,.,.,.,612
PR07A,171,Paediatric Non-Intracranial Head Injury with CC Score 1+,.,.,.,.,.,.,.,.,.,.,.,.,"4,882",.,.,.,.,"4,882"
PR07A,180,Paediatric Non-Intracranial Head Injury with CC Score 1+,.,"3,197",.,.,.,.,.,.,.,.,225,.,"4,591",.,.,.,.,"8,013"
PR07A,300,Paediatric Non-Intracranial Head Injury with CC Score 1+,.,813,.,.,.,.,.,.,.,.,.,.,.,.,502,.,.,"1,315"
PR07A,420,Paediatric Non-Intracranial Head Injury with CC Score 1+,"1,525","12,796",.,"4,321","1,735","1,467",.,.,.,.,.,.,.,.,"1,000",.,"10,282","33,126"
PR07B,100,Paediatric Non-Intracranial Head Injury with CC Score 0,"6,396","1,356",.,"1,718","7,885","6,720",.,.,.,.,525,.,.,.,"1,941",.,"1,364","27,904"
PR07B,110,Paediatric Non-Intracranial Head Injury with CC Score 0,.,.,.,.,.,.,.,.,.,.,.,.,669,.,.,.,.,669
PR07B,140,Paediatric Non-Intracranial Head Injury with CC Score 0,.,.,.,.,.,.,.,.,.,.,.,.,.,.,.,.,"1,053","1,053"
PR07B,150,Paediatric Non-Intracranial Head Injury with CC Score 0,.,.,.,.,.,.,.,.,.,.,.,.,"2,980",.,.,.,.,"2,980"
PR07B,171,Paediatric Non-Intracranial Head Injury with CC Score 0,.,.,.,.,.,.,.,.,.,.,.,.,"22,784",.,.,.,.,"22,784"
PR07B,180,Paediatric Non-Intracranial Head Injury with CC Score 0,.,"6,851",.,.,.,.,.,.,.,.,674,.,"7,958",.,.,.,.,"15,483"
PR07B,300,Paediatric Non-Intracranial Head Injury with CC Score 0,.,.,.,.,327,.,.,.,.,.,387,.,.,.,.,.,.,713
PR07B,420,Paediatric Non-Intracranial Head Injury with CC Score 0,"3,049","24,982",.,"28,809","6,072","3,668",.,.,.,.,.,.,"2,256",.,"2,000",.,"14,611","85,448"
PT52A,180,Paediatric Behavioural Disorders with CC Score 1+,.,"1,827",.,.,"3,577",.,.,.,.,.,225,.,612,.,.,.,.,"6,241"
PT52A,300,Paediatric Behavioural Disorders with CC Score 1+,438,.,.,.,980,301,528,.,376,.,"2,491",.,.,.,.,.,367,"5,481"
PT52A,320,Paediatric Behavioural Disorders with CC Score 1+,.,422,.,.,.,.,.,.,.,.,.,.,.,.,.,.,.,422
PT52A,420,Paediatric Behavioural Disorders with CC Score 1+,"2,287",609,.,720,"3,470",.,.,.,.,.,.,.,752,.,"1,000",.,541,"9,380"
PT52A,430,Paediatric Behavioural Disorders with CC Score 1+,.,.,.,.,.,.,.,.,.,.,388,.,.,.,.,.,.,388
PT52B,180,Paediatric Behavioural Disorders with CC Score 0,.,"3,197",.,.,"7,154",.,.,.,.,.,"1,347",.,"7,958",.,.,.,.,"19,656"
PT52B,300,Paediatric Behavioural Disorders with CC Score 0,"2,191","1,220",808,.,"1,961",603,.,.,.,.,"3,092",.,"4,633",.,"1,004",.,"2,201","17,713"
PT52B,320,Paediatric Behavioural Disorders with CC Score 0,.,.,.,.,.,.,.,.,.,.,453,.,.,.,.,.,.,453
PT52B,420,Paediatric Behavioural Disorders with CC Score 0,"2,287","2,437",.,.,867,734,.,.,.,.,.,433,752,.,"8,001",.,"3,788","19,300"
PT52B,430,Paediatric Behavioural Disorders with CC Score 0,.,370,.,.,.,.,.,.,.,.,"1,163",.,.,.,.,.,.,"1,533"
PT53A,300,Paediatric Eating Disorders with CC Score 1+,438,813,404,.,.,.,.,.,.,.,.,.,.,.,.,.,"1,467","3,123"
PT53B,180,Paediatric Eating Disorders with CC Score 0,.,457,.,.,.,.,.,.,.,.,.,.,.,.,.,.,.,457
PT53B,300,Paediatric Eating Disorders with CC Score 0,"1,315",.,"1,212",.,.,.,.,.,.,.,.,.,386,.,.,.,.,"2,913"
PV08A,100,"Paediatric Intermediate Injury without Intracranial Injury, with CC Score 1+",.,.,.,.,438,.,.,.,.,.,.,.,.,.,.,.,.,438
PV08A,110,"Paediatric Intermediate Injury without Intracranial Injury, with CC Score 1+",519,.,.,.,.,.,.,608,.,.,.,.,"1,281",.,.,.,.,"2,408"
PV08A,180,"Paediatric Intermediate Injury without Intracranial Injury, with CC Score 1+",.,.,.,.,"1,789",.,.,.,.,.,225,.,306,.,.,.,.,"2,319"
PV08A,300,"Paediatric Intermediate Injury without Intracranial Injury, with CC Score 1+",.,.,.,.,.,.,.,.,.,.,773,.,.,.,.,.,.,773
PV08A,420,"Paediatric Intermediate Injury without Intracranial Injury, with CC Score 1+",.,.,.,"1,440",867,.,.,.,.,.,.,.,.,.,.,.,.,"2,308"
PV08B,100,"Paediatric Intermediate Injury without Intracranial Injury, with CC Score 0",457,452,.,"1,145","2,333",395,.,.,.,.,.,.,776,.,.,.,.,"5,558"
PV08B,110,"Paediatric Intermediate Injury without Intracranial Injury, with CC Score 0","2,078",.,.,.,"1,495",.,.,.,.,.,.,.,"17,125",.,.,.,"3,203","23,900"
PV08B,130,"Paediatric Intermediate Injury without Intracranial Injury, with CC Score 0",.,.,.,.,.,.,.,.,.,.,.,.,"1,730",.,.,.,.,"1,730"
PV08B,171,"Paediatric Intermediate Injury without Intracranial Injury, with CC Score 0",.,.,.,.,.,.,.,.,.,.,.,.,814,.,.,.,.,814
PV08B,180,"Paediatric Intermediate Injury without Intracranial Injury, with CC Score 0",.,913,.,.,894,.,.,.,.,.,.,.,"1,224",.,.,.,.,"3,032"
PV08B,300,"Paediatric Intermediate Injury without Intracranial Injury, with CC Score 0",.,.,.,.,.,.,.,.,.,.,.,.,386,.,.,.,.,386
PV08B,420,"Paediatric Intermediate Injury without Intracranial Injury, with CC Score 0",.,"1,828",.,720,.,.,.,.,.,.,.,.,"1,504",.,"2,000",.,"1,082","7,135"
PV31A,100,"Paediatric Major Injury without Intracranial Injury, with CC Score 1+",.,.,.,.,.,.,.,.,.,.,.,.,.,.,"1,294",.,.,"1,294"
PV31A,110,"Paediatric Major Injury without Intracranial Injury, with CC Score 1+","1,039",.,.,.,.,.,.,.,.,.,.,.,"1,338",.,.,.,400,"2,778"
PV31A,420,"Paediatric Major Injury without Intracranial Injury, with CC Score 1+",762,.,.,.,.,.,.,.,.,.,.,.,.,.,.,.,.,762
PV31B,100,"Paediatric Major Injury without Intracranial Injury, with CC Score 0",.,.,.,.,.,395,.,.,.,.,.,.,.,.,"1,294",.,.,"1,690"
PV31B,110,"Paediatric Major Injury without Intracranial Injury, with CC Score 0","2,078",.,.,.,.,.,.,608,.,.,.,.,"1,893",.,.,.,400,"4,978"
PV31B,171,"Paediatric Major Injury without Intracranial Injury, with CC Score 0",.,.,.,.,.,.,.,.,.,.,.,.,814,.,.,.,.,814
PV31B,180,"Paediatric Major Injury without Intracranial Injury, with CC Score 0",.,913,.,.,894,.,.,.,.,.,.,.,306,.,.,.,.,"2,114"
PV31B,420,"Paediatric Major Injury without Intracranial Injury, with CC Score 0",.,.,.,720,"1,735",.,.,.,.,.,.,.,.,.,.,.,"1,082","3,538"
PV32A,101,"Paediatric Minor Injury without Intracranial Injury, with CC Score 3+",.,.,.,.,420,.,.,.,.,.,.,.,.,.,.,.,.,420
PV32A,160,"Paediatric Minor Injury without Intracranial Injury, with CC Score 3+",.,.,.,.,.,.,.,.,.,.,.,.,.,.,.,.,"1,659","1,659"
PV32A,171,"Paediatric Minor Injury without Intracranial Injury, with CC Score 3+",.,.,.,.,.,.,.,.,.,.,.,.,"1,627",.,.,.,.,"1,627"
PV32A,300,"Paediatric Minor Injury without Intracranial Injury, with CC Score 3+",.,813,.,.,.,.,.,.,.,.,.,.,.,.,.,.,.,813
PV32A,420,"Paediatric Minor Injury without Intracranial Injury, with CC Score 3+",.,.,.,.,867,.,.,.,.,.,.,.,.,.,.,.,541,"1,409"
PV32B,100,"Paediatric Minor Injury without Intracranial Injury, with CC Score 1-2","2,741","1,808",.,"1,145","5,152","1,581",.,.,.,.,.,.,"2,328",.,647,.,"2,022","17,424"
PV32B,101,"Paediatric Minor Injury without Intracranial Injury, with CC Score 1-2",.,.,.,.,420,.,.,.,.,.,.,.,.,.,.,.,.,420
PV32B,110,"Paediatric Minor Injury without Intracranial Injury, with CC Score 1-2","1,039",.,.,.,374,.,.,.,.,.,.,.,"6,358",.,.,.,.,"7,771"
PV32B,120,"Paediatric Minor Injury without Intracranial Injury, with CC Score 1-2",540,.,.,.,.,.,.,.,.,.,.,.,820,.,.,.,.,"1,360"
PV32B,140,"Paediatric Minor Injury without Intracranial Injury, with CC Score 1-2",614,.,.,.,.,.,.,.,.,.,.,.,.,.,.,.,599,"1,213"
PV32B,160,"Paediatric Minor Injury without Intracranial Injury, with CC Score 1-2",.,.,.,.,.,.,.,.,.,.,.,.,.,.,.,.,"5,323","5,323"
PV32B,171,"Paediatric Minor Injury without Intracranial Injury, with CC Score 1-2",.,.,.,.,.,.,.,.,.,.,.,.,"5,672",.,.,.,.,"5,672"
PV32B,180,"Paediatric Minor Injury without Intracranial Injury, with CC Score 1-2",.,457,.,.,"6,260",.,.,.,.,.,674,.,"3,061",.,.,.,.,"10,451"
PV32B,300,"Paediatric Minor Injury without Intracranial Injury, with CC Score 1-2","1,315",407,.,.,654,603,.,.,.,.,387,.,.,.,.,.,734,"4,098"
PV32B,420,"Paediatric Minor Injury without Intracranial Injury, with CC Score 1-2",.,"3,047",.,.,"6,072","2,934",.,.,.,.,.,.,.,.,.,.,"4,329","16,382"
PV32B,823,"Paediatric Minor Injury without Intracranial Injury, with CC Score 1-2",.,.,.,.,.,.,.,.,.,.,.,.,"1,034",.,.,.,.,"1,034"
PV32C,100,"Paediatric Minor Injury without Intracranial Injury, with CC Score 0","15,530","6,327",.,"4,580","14,414","5,139",.,.,.,.,525,.,"1,940",.,"22,050",.,909,"71,415"
PV32C,101,"Paediatric Minor Injury without Intracranial Injury, with CC Score 0",.,.,.,.,420,.,.,.,.,.,.,.,.,.,.,.,.,420
PV32C,110,"Paediatric Minor Injury without Intracranial Injury, with CC Score 0","13,148",.,.,.,"3,737",.,.,.,.,.,.,.,"17,107",.,.,.,"10,980","44,972"
PV32C,120,"Paediatric Minor Injury without Intracranial Injury, with CC Score 0","1,619",.,.,.,646,.,.,.,.,.,.,.,.,.,.,.,.,"2,265"
PV32C,140,"Paediatric Minor Injury without Intracranial Injury, with CC Score 0","2,775",.,.,.,.,.,.,.,.,.,.,.,.,.,.,.,"10,346","13,121"
PV32C,160,"Paediatric Minor Injury without Intracranial Injury, with CC Score 0",.,.,.,.,.,.,.,.,.,.,.,.,"1,844",.,.,.,"19,491","21,335"
PV32C,171,"Paediatric Minor Injury without Intracranial Injury, with CC Score 0",.,.,.,.,.,.,.,.,.,.,.,.,"21,332",.,.,.,.,"21,332"
PV32C,180,"Paediatric Minor Injury without Intracranial Injury, with CC Score 0",.,"6,851",.,.,"11,626",.,.,.,.,.,449,.,"6,734",.,.,.,.,"25,659"
PV32C,300,"Paediatric Minor Injury without Intracranial Injury, with CC Score 0",438,813,.,.,327,.,.,.,.,.,.,.,772,.,502,.,367,"3,219"
PV32C,340,"Paediatric Minor Injury without Intracranial Injury, with CC Score 0",.,.,.,.,.,714,.,.,.,.,.,.,.,.,.,.,.,714
PV32C,420,"Paediatric Minor Injury without Intracranial Injury, with CC Score 0","2,287","15,233",.,"10,083","10,410","8,802",.,.,.,.,.,"1,300","4,550",.,"2,000",.,"10,823","65,488"
PV32C,501,"Paediatric Minor Injury without Intracranial Injury, with CC Score 0",.,.,.,.,.,.,.,.,.,.,.,.,.,.,823,.,.,823
PV32C,502,"Paediatric Minor Injury without Intracranial Injury, with CC Score 0",.,.,.,.,.,.,.,.,.,.,.,.,.,.,676,.,544,"1,220"
PW16A,420,Paediatric Major Infections with CC Score 7+,.,.,.,.,.,.,.,.,.,.,.,.,752,.,.,.,.,752
PW16C,300,Paediatric Major Infections with CC Score 2-4,.,.,.,454,.,.,.,.,.,.,.,.,.,.,.,.,.,454
PW16C,301,Paediatric Major Infections with CC Score 2-4,.,374,.,.,.,.,.,.,.,.,.,.,.,.,.,.,.,374
PW16C,420,Paediatric Major Infections with CC Score 2-4,.,.,.,"1,440",.,734,.,.,.,.,.,.,752,.,.,.,"1,082","4,008"
PW16C,421,Paediatric Major Infections with CC Score 2-4,.,.,.,.,.,.,.,.,.,.,.,.,"1,262",.,.,.,.,"1,262"
PW16D,300,Paediatric Major Infections with CC Score 1,.,.,.,.,.,.,.,.,376,.,.,.,.,.,.,.,367,743
PW16D,301,Paediatric Major Infections with CC Score 1,.,374,.,.,.,.,.,.,.,.,.,.,.,.,.,.,.,374
PW16D,420,Paediatric Major Infections with CC Score 1,"3,049","3,047",.,"4,321",867,.,.,.,.,.,.,.,.,.,"6,001",.,"4,329","21,615"
PW16E,100,Paediatric Major Infections with CC Score 0,.,452,.,"1,145",.,.,.,.,.,.,.,.,.,.,.,.,455,"2,052"
PW16E,300,Paediatric Major Infections with CC Score 0,.,"1,220",.,.,.,.,.,.,.,.,387,.,772,.,502,.,734,"3,614"
PW16E,301,Paediatric Major Infections with CC Score 0,.,374,.,.,.,.,.,.,.,.,.,.,.,.,.,.,.,374
PW16E,350,Paediatric Major Infections with CC Score 0,.,.,.,.,.,.,.,.,.,.,.,.,792,.,.,.,.,792
PW16E,420,Paediatric Major Infections with CC Score 0,"1,525","16,452",.,"13,684",867,"1,467",.,.,.,.,.,"3,899",752,.,"35,006",.,"12,447","86,099"
PW17A,420,Paediatric Intermediate Infections with CC Score 6+,762,609,.,.,.,.,.,.,.,.,.,.,.,.,.,.,.,"1,372"
PW17B,300,Paediatric Intermediate Infections with CC Score 3-5,.,.,.,.,.,.,.,.,.,.,773,.,"1,158",.,.,.,.,"1,931"
PW17B,350,Paediatric Intermediate Infections with CC Score 3-5,.,.,.,.,.,.,.,.,.,.,.,.,"1,660",.,.,.,.,"1,660"
PW17B,420,Paediatric Intermediate Infections with CC Score 3-5,"2,287","1,219",.,.,"3,470",734,.,.,.,.,.,.,"2,256",.,.,.,"1,082","11,048"
PW17C,100,Paediatric Intermediate Infections with CC Score 1-2,"1,827",452,.,.,"2,926",791,.,.,.,.,.,.,"1,164",.,647,.,.,"7,807"
PW17C,101,Paediatric Intermediate Infections with CC Score 1-2,.,.,.,.,420,.,.,.,.,.,.,.,.,.,.,.,.,420
PW17C,120,Paediatric Intermediate Infections with CC Score 1-2,540,.,.,.,378,.,.,.,.,.,.,.,.,.,.,.,.,918
PW17C,171,Paediatric Intermediate Infections with CC Score 1-2,.,.,.,.,.,.,.,.,.,.,.,.,814,.,.,.,.,814
PW17C,180,Paediatric Intermediate Infections with CC Score 1-2,.,.,.,.,.,.,.,.,.,.,.,.,306,.,.,.,.,306
PW17C,300,Paediatric Intermediate Infections with CC Score 1-2,.,.,808,.,327,.,.,.,.,.,"1,160",.,"1,931",.,.,.,"2,201","6,426"
PW17C,350,Paediatric Intermediate Infections with CC Score 1-2,.,.,.,.,.,.,.,.,.,.,.,.,"5,543",.,.,.,.,"5,543"
PW17C,361,Paediatric Intermediate Infections with CC Score 1-2,.,.,.,.,.,.,.,.,.,.,.,.,882,.,.,.,.,882
PW17C,420,Paediatric Intermediate Infections with CC Score 1-2,"19,056","16,452",.,"4,321","15,615","4,401",.,.,.,.,.,866,"8,273",.,"10,002",.,"9,200","88,186"
PW17C,502,Paediatric Intermediate Infections with CC Score 1-2,.,.,.,.,.,.,.,.,.,.,.,.,.,.,676,.,.,676
PW17D,100,Paediatric Intermediate Infections with CC Score 0,"1,370","2,260",.,"1,145","4,819","1,976",.,.,.,.,.,.,"2,716",.,"9,060",.,455,"23,801"
PW17D,101,Paediatric Intermediate Infections with CC Score 0,.,.,.,.,420,.,.,.,.,.,.,.,.,.,.,.,.,420
PW17D,110,Paediatric Intermediate Infections with CC Score 0,"1,039",.,.,.,.,.,.,.,.,.,.,.,612,.,.,.,.,"1,650"
PW17D,120,Paediatric Intermediate Infections with CC Score 0,"2,158",450,.,.,378,.,.,.,.,.,.,.,820,.,.,.,"1,324","5,130"
PW17D,130,Paediatric Intermediate Infections with CC Score 0,.,.,.,.,.,.,.,.,.,.,.,.,865,.,.,.,.,865
PW17D,160,Paediatric Intermediate Infections with CC Score 0,.,.,.,.,.,.,.,.,.,.,.,.,.,.,.,.,490,490
PW17D,171,Paediatric Intermediate Infections with CC Score 0,.,.,.,.,.,.,.,.,.,.,.,.,814,.,.,.,.,814
PW17D,180,Paediatric Intermediate Infections with CC Score 0,.,.,.,.,"1,789",.,.,.,.,.,.,.,"3,367",.,.,.,.,"5,155"
PW17D,300,Paediatric Intermediate Infections with CC Score 0,"1,315","1,626","1,212",454,327,.,.,.,376,.,387,.,"3,089",.,"2,009",.,734,"11,527"
PW17D,302,Paediatric Intermediate Infections with CC Score 0,.,.,.,.,.,.,.,.,.,.,.,.,488,.,.,.,.,488
PW17D,350,Paediatric Intermediate Infections with CC Score 0,.,.,.,.,.,.,.,.,.,.,.,.,"1,584",.,.,.,.,"1,584"
PW17D,420,Paediatric Intermediate Infections with CC Score 0,"43,448","32,294",.,"10,803","14,747","6,602",.,.,.,.,.,"2,166","9,778",.,"33,006",.,"27,599","180,443"
PW17D,823,Paediatric Intermediate Infections with CC Score 0,.,.,.,.,659,.,.,.,.,.,.,.,.,.,.,.,.,659
PW18A,100,Paediatric Minor Infections with CC Score 2+,457,.,.,.,.,.,.,.,.,.,.,.,.,.,.,.,.,457
PW18A,300,Paediatric Minor Infections with CC Score 2+,.,.,.,.,.,.,.,.,376,.,.,.,.,.,.,.,.,376
PW18A,350,Paediatric Minor Infections with CC Score 2+,.,.,.,.,.,.,.,.,.,.,.,.,792,.,.,.,.,792
PW18A,420,Paediatric Minor Infections with CC Score 2+,"1,525",.,.,.,867,.,.,.,.,.,.,.,.,.,"3,001",.,"1,082","6,475"
PW18B,100,Paediatric Minor Infections with CC Score 1,457,.,.,.,.,.,.,.,.,.,.,.,.,.,.,.,.,457
PW18B,120,Paediatric Minor Infections with CC Score 1,.,.,.,.,378,.,.,.,.,.,.,.,.,.,.,.,.,378
PW18B,420,Paediatric Minor Infections with CC Score 1,"3,811","4,875",.,720,"3,470",.,.,.,.,.,.,433,.,.,"2,000",.,"2,165","17,474"
PW18C,120,Paediatric Minor Infections with CC Score 0,.,450,.,.,378,.,.,.,.,.,.,.,.,.,.,.,.,828
PW18C,300,Paediatric Minor Infections with CC Score 0,.,.,.,.,.,.,.,.,.,.,387,.,"1,931",.,.,.,.,"2,317"
PW18C,420,Paediatric Minor Infections with CC Score 0,"13,721","6,702",.,"4,321","3,470",734,.,.,.,.,.,.,"1,504",.,"8,001",.,"4,870","43,324"
PW19A,300,Paediatric Viral Infections with CC Score 3+,.,.,.,.,.,.,.,.,.,.,.,.,"1,544",.,.,.,734,"2,278"
PW19A,350,Paediatric Viral Infections with CC Score 3+,.,.,.,.,.,.,.,.,.,.,.,.,792,.,.,.,.,792
PW19A,420,Paediatric Viral Infections with CC Score 3+,"8,385","3,656",.,.,"4,337","9,536",.,.,.,.,.,433,"15,795",.,"3,001",.,"7,035","52,177"
PW19B,100,Paediatric Viral Infections with CC Score 1-2,"1,370",452,.,573,438,.,.,.,.,.,.,.,388,.,.,.,.,"3,221"
PW19B,300,Paediatric Viral Infections with CC Score 1-2,438,.,.,.,.,301,.,.,376,.,"1,107",.,"2,317",.,.,.,734,"5,273"
PW19B,350,Paediatric Viral Infections with CC Score 1-2,.,.,.,.,.,.,.,.,.,.,.,.,"1,584",.,.,.,.,"1,584"
PW19B,420,Paediatric Viral Infections with CC Score 1-2,"105,191","85,304",.,"48,255","39,904","37,410",.,.,.,.,.,"6,498","67,692",.,"83,015",.,"77,386","550,654"
PW19B,421,Paediatric Viral Infections with CC Score 1-2,.,.,.,.,.,.,.,.,.,.,.,.,"1,262",.,.,.,.,"1,262"
PW19B,430,Paediatric Viral Infections with CC Score 1-2,.,370,.,.,.,.,.,.,.,.,.,.,.,.,.,.,.,370
PW19C,100,Paediatric Viral Infections with CC Score 0,.,.,.,.,438,.,.,.,.,.,.,.,"1,552",.,"1,941",.,.,"3,932"
PW19C,180,Paediatric Viral Infections with CC Score 0,.,.,.,.,894,.,.,.,.,.,.,.,.,.,.,.,.,894
PW19C,300,Paediatric Viral Infections with CC Score 0,"3,068","1,626",404,454,980,.,528,.,376,.,.,.,"1,544",.,502,.,"1,834","11,316"
PW19C,340,Paediatric Viral Infections with CC Score 0,.,.,465,.,.,.,.,.,.,.,.,.,.,.,.,.,.,465
PW19C,350,Paediatric Viral Infections with CC Score 0,.,.,.,.,.,.,.,.,.,.,.,.,"4,751",.,.,.,.,"4,751"
PW19C,420,Paediatric Viral Infections with CC Score 0,"51,071","90,788",.,"38,172","16,482","19,072",.,.,.,.,.,"6,065","5,265",.,"97,017",.,"42,210","366,142"
PW20A,320,Paediatric Fever Unspecified with CC Score 3+,.,.,.,.,.,.,.,.,.,.,.,.,"1,030",.,.,.,.,"1,030"
PW20A,420,Paediatric Fever Unspecified with CC Score 3+,"2,287",609,.,.,"1,735","1,467",.,.,.,.,.,.,"2,256",.,.,.,541,"8,896"
PW20B,110,Paediatric Fever Unspecified with CC Score 1-2,519,.,.,.,.,.,.,.,.,.,.,.,.,.,.,.,.,519
PW20B,300,Paediatric Fever Unspecified with CC Score 1-2,438,.,.,454,.,.,528,.,.,.,.,.,.,.,.,.,.,"1,419"
PW20B,303,Paediatric Fever Unspecified with CC Score 1-2,.,357,.,.,.,.,.,.,.,.,.,.,.,.,.,.,.,357
PW20B,350,Paediatric Fever Unspecified with CC Score 1-2,.,.,.,.,.,.,.,.,.,.,.,.,"1,584",.,.,.,.,"1,584"
PW20B,420,Paediatric Fever Unspecified with CC Score 1-2,"6,098","1,828",.,.,"3,470","1,467",.,.,.,.,.,433,"7,521",.,.,.,"3,788","24,606"
PW20C,100,Paediatric Fever Unspecified with CC Score 0,457,.,.,.,.,.,.,.,.,.,.,.,.,.,.,.,.,457
PW20C,420,Paediatric Fever Unspecified with CC Score 0,"9,909","1,828",.,.,"1,735","1,467",.,.,.,.,.,866,"3,761",.,"1,000",.,"4,870","25,437"
PX22A,180,Paediatric Chest Pain with CC Score 1+,.,.,.,.,894,.,.,.,.,.,.,.,.,.,.,.,.,894
PX22A,300,Paediatric Chest Pain with CC Score 1+,438,407,.,454,.,.,528,.,376,.,.,.,772,.,.,.,"1,467","4,441"
PX22A,320,Paediatric Chest Pain with CC Score 1+,689,422,.,.,385,.,.,.,.,.,453,.,"2,671",.,.,"2,760",912,"8,292"
PX22A,420,Paediatric Chest Pain with CC Score 1+,"9,909","1,828",.,720,"2,602",.,.,.,.,.,.,.,752,.,"2,000",.,.,"17,812"
PX22A,430,Paediatric Chest Pain with CC Score 1+,.,370,.,.,.,.,.,.,.,.,.,.,.,.,.,.,.,370
PX22A,823,Paediatric Chest Pain with CC Score 1+,.,.,.,.,.,.,.,.,.,.,.,.,"1,034",.,.,.,.,"1,034"
PX22B,180,Paediatric Chest Pain with CC Score 0,.,"1,370",.,.,.,.,.,.,.,.,225,.,.,.,.,.,.,"1,595"
PX22B,300,Paediatric Chest Pain with CC Score 0,"1,315",813,.,.,.,301,.,.,.,.,.,.,.,.,502,.,367,"3,298"
PX22B,320,Paediatric Chest Pain with CC Score 0,.,.,568,.,.,.,701,.,.,.,906,.,"1,221",.,.,"15,457",.,"18,853"
PX22B,420,Paediatric Chest Pain with CC Score 0,"6,860","1,219",.,.,.,734,.,.,.,.,.,.,.,.,"4,001",.,"5,412","18,225"
PX22B,502,Paediatric Chest Pain with CC Score 0,.,.,.,.,.,.,.,.,.,.,.,.,.,.,.,.,544,544
PX29A,100,Paediatric Abdominal Pain with CC Score 3+,457,.,.,.,876,"2,372",.,.,.,.,.,.,776,.,"1,294",.,455,"6,229"
PX29A,120,Paediatric Abdominal Pain with CC Score 3+,.,.,.,.,378,.,.,.,.,.,.,.,.,.,.,.,.,378
PX29A,150,Paediatric Abdominal Pain with CC Score 3+,.,.,.,.,.,.,.,.,.,.,.,.,"1,074",.,.,.,.,"1,074"
PX29A,171,Paediatric Abdominal Pain with CC Score 3+,.,.,.,.,.,.,.,.,.,.,.,.,"2,441",.,.,.,.,"2,441"
PX29A,300,Paediatric Abdominal Pain with CC Score 3+,438,.,.,.,.,.,.,.,.,.,.,.,772,.,.,.,.,"1,211"
PX29A,350,Paediatric Abdominal Pain with CC Score 3+,.,.,.,.,.,.,.,.,.,.,.,.,792,.,.,.,.,792
PX29A,420,Paediatric Abdominal Pain with CC Score 3+,"2,287",609,.,.,.,.,.,.,.,.,.,.,"1,504",.,.,.,541,"4,942"
PX29A,502,Paediatric Abdominal Pain with CC Score 3+,589,.,.,.,.,363,.,.,.,.,.,.,.,.,.,.,.,953
PX29B,100,Paediatric Abdominal Pain with CC Score 1-2,"25,582","4,068",532,"5,725","9,199","13,440",.,.,.,.,"3,152",.,"10,089",.,"3,236",.,"5,454","80,477"
PX29B,101,Paediatric Abdominal Pain with CC Score 1-2,.,.,.,.,420,.,.,.,.,.,.,.,.,.,.,.,385,805
PX29B,171,Paediatric Abdominal Pain with CC Score 1-2,.,.,.,.,.,.,.,.,.,.,.,.,"15,460",.,.,.,.,"15,460"
PX29B,300,Paediatric Abdominal Pain with CC Score 1-2,438,407,.,454,.,.,.,.,.,.,305,.,"1,544",.,.,.,.,"3,148"
PX29B,302,Paediatric Abdominal Pain with CC Score 1-2,.,.,.,.,.,.,.,.,.,.,.,.,488,.,.,.,.,488
PX29B,320,Paediatric Abdominal Pain with CC Score 1-2,.,.,.,547,.,.,.,.,.,.,.,.,.,.,.,.,.,547
PX29B,350,Paediatric Abdominal Pain with CC Score 1-2,.,.,.,.,.,.,.,.,.,.,.,.,792,.,.,.,.,792
PX29B,420,Paediatric Abdominal Pain with CC Score 1-2,"13,721",609,.,"2,161","2,602","2,934",.,.,.,.,.,"1,733","3,761",.,"3,001",.,"4,870","35,391"
PX29B,501,Paediatric Abdominal Pain with CC Score 1-2,.,.,.,"2,255",.,.,.,.,.,.,.,.,.,.,.,.,.,"2,255"
PX29B,502,Paediatric Abdominal Pain with CC Score 1-2,.,"1,550","1,137",.,.,726,.,.,.,.,.,.,.,.,.,.,.,"3,413"
PX29C,100,Paediatric Abdominal Pain with CC Score 0,"51,164","29,377","1,596","22,901","25,846","12,649",.,.,.,.,"5,779",.,"26,387",.,"31,709",.,"13,636","221,044"
PX29C,110,Paediatric Abdominal Pain with CC Score 0,.,.,.,.,.,.,.,608,.,.,.,.,669,.,.,.,.,"1,277"
PX29C,171,Paediatric Abdominal Pain with CC Score 0,.,.,.,.,.,.,.,.,.,.,.,.,"22,784",.,.,.,.,"22,784"
PX29C,180,Paediatric Abdominal Pain with CC Score 0,.,"1,370",.,.,.,.,.,.,.,.,.,.,"1,224",.,.,.,.,"2,595"
PX29C,300,Paediatric Abdominal Pain with CC Score 0,.,813,.,.,.,.,.,.,.,.,773,.,386,.,"1,004",.,367,"3,343"
PX29C,420,Paediatric Abdominal Pain with CC Score 0,"12,196","9,140",.,"7,202","2,602","3,668",.,.,.,.,.,"1,300","3,761",.,"9,002",.,"9,200","58,070"
PX29C,430,Paediatric Abdominal Pain with CC Score 0,.,370,.,.,.,.,.,.,.,.,388,.,.,.,.,.,.,758
PX29C,501,Paediatric Abdominal Pain with CC Score 0,"1,028",.,.,.,.,.,.,.,.,.,.,.,479,.,.,.,.,"1,507"
PX29C,502,Paediatric Abdominal Pain with CC Score 0,.,.,"1,137",.,730,.,.,.,.,.,.,.,.,.,"2,027",.,.,"3,893"
PX30A,420,Paediatric Faltering Growth (Failure to Thrive) with CC Score 2+,"2,287",609,.,.,.,.,.,.,.,.,.,.,.,.,.,.,541,"3,437"
PX30B,420,Paediatric Faltering Growth (Failure to Thrive) with CC Score 1,762,.,.,720,"2,602","1,467",.,.,.,.,.,.,.,.,"2,000",.,.,"7,552"
PX30C,300,Paediatric Faltering Growth (Failure to Thrive) with CC Score 0,.,.,.,.,.,301,.,.,.,.,.,.,.,.,.,.,.,301
PX30C,420,Paediatric Faltering Growth (Failure to Thrive) with CC Score 0,"2,287","4,265",.,.,.,.,.,.,.,.,.,"2,166",.,.,"3,001",.,"5,953","17,671"
PX50A,180,"Paediatric Ingestion Poisoning or Allergies, with CC Score 4+",.,457,.,.,"1,789",.,.,.,.,.,225,.,306,.,.,.,.,"2,776"
PX50A,300,"Paediatric Ingestion Poisoning or Allergies, with CC Score 4+","1,315","3,253",808,"2,268","1,307","1,506",.,.,752,.,"1,107",.,"3,089",.,502,.,"2,568","18,474"
PX50A,320,"Paediatric Ingestion Poisoning or Allergies, with CC Score 4+",.,.,.,.,.,716,.,.,.,.,.,.,.,.,.,.,.,716
PX50A,420,"Paediatric Ingestion Poisoning or Allergies, with CC Score 4+",.,609,.,.,.,.,.,.,.,.,.,.,"1,504",.,.,.,.,"2,114"
PX50A,430,"Paediatric Ingestion Poisoning or Allergies, with CC Score 4+",.,370,.,.,.,.,.,.,.,.,.,.,.,.,.,.,.,370
PX50B,180,"Paediatric Ingestion Poisoning or Allergies, with CC Score 1-3",.,"15,072",.,.,"16,991",.,.,.,.,.,"1,572",.,"19,895",.,.,.,.,"53,530"
PX50B,300,"Paediatric Ingestion Poisoning or Allergies, with CC Score 1-3","12,272","16,671","3,603","1,814","7,515","5,423","3,693",.,"3,382",.,"10,016",.,"14,672",.,"5,021",.,"14,672","98,754"
PX50B,301,"Paediatric Ingestion Poisoning or Allergies, with CC Score 1-3",.,374,.,.,.,.,.,.,.,.,.,.,.,.,.,.,.,374
PX50B,320,"Paediatric Ingestion Poisoning or Allergies, with CC Score 1-3",.,.,.,"1,094",.,.,.,.,.,.,.,.,.,.,799,.,.,"1,893"
PX50B,340,"Paediatric Ingestion Poisoning or Allergies, with CC Score 1-3",.,.,.,.,.,714,.,.,.,.,.,.,.,.,.,.,.,714
PX50B,350,"Paediatric Ingestion Poisoning or Allergies, with CC Score 1-3",.,.,.,.,.,.,.,.,.,.,.,.,792,.,.,.,.,792
PX50B,420,"Paediatric Ingestion Poisoning or Allergies, with CC Score 1-3","3,811","6,093",.,"1,440","9,542","2,201",.,.,.,.,.,.,"11,282",.,"4,001",.,"4,870","43,241"
PX50B,430,"Paediatric Ingestion Poisoning or Allergies, with CC Score 1-3",.,.,.,.,.,.,.,.,.,.,775,.,.,.,.,.,.,775
PX50C,100,"Paediatric Ingestion Poisoning or Allergies, with CC Score 0",.,.,.,.,.,.,.,.,.,.,525,.,.,.,.,.,.,525
PX50C,171,"Paediatric Ingestion Poisoning or Allergies, with CC Score 0",.,.,.,.,.,.,.,.,.,.,.,.,814,.,.,.,.,814
PX50C,180,"Paediatric Ingestion Poisoning or Allergies, with CC Score 0",.,"13,702",.,.,"11,626",.,.,.,.,.,"1,572",.,"15,610",.,.,.,.,"42,509"
PX50C,300,"Paediatric Ingestion Poisoning or Allergies, with CC Score 0","2,630","6,099",.,907,"2,614","2,109","1,055",.,376,.,"7,693",.,"13,514",.,"1,004",.,"2,934","40,935"
PX50C,320,"Paediatric Ingestion Poisoning or Allergies, with CC Score 0",.,.,.,.,.,358,.,.,.,.,.,.,.,.,.,.,.,358
PX50C,420,"Paediatric Ingestion Poisoning or Allergies, with CC Score 0","22,105","34,731",.,"13,684","11,277","3,668",.,.,.,.,.,.,"21,812",.,"31,006",.,"17,858","156,141"
PX50C,430,"Paediatric Ingestion Poisoning or Allergies, with CC Score 0",.,.,.,.,.,.,.,.,.,.,388,.,.,.,.,.,.,388
PX50C,502,"Paediatric Ingestion Poisoning or Allergies, with CC Score 0",.,.,569,.,.,.,.,.,.,.,.,.,.,.,.,.,.,569
PX51Z,420,Paediatric Child Safeguarding (Welfare and Protection),762,609,.,.,.,734,.,.,.,.,.,.,.,.,.,.,.,"2,105"
PX54Z,420,Paediatric Convalescent or Other Relief Care,.,.,.,.,.,.,.,.,.,.,.,.,.,.,"1,000",.,.,"1,000"
PX55Z,420,Paediatric Respite Care,"14,483",.,.,.,.,.,.,.,.,.,.,.,.,.,.,.,.,"14,483"
PX56A,100,"Paediatric Admission for Unexplained Symptoms, with CC Score 1+",457,.,.,.,.,.,.,.,.,.,.,.,.,.,.,.,.,457
PX56A,300,"Paediatric Admission for Unexplained Symptoms, with CC Score 1+",438,.,.,.,.,.,.,.,.,.,.,.,.,.,.,.,.,438
PX56A,350,"Paediatric Admission for Unexplained Symptoms, with CC Score 1+",.,.,.,.,.,.,.,.,.,.,.,.,792,.,.,.,.,792
PX56A,420,"Paediatric Admission for Unexplained Symptoms, with CC Score 1+","9,909","3,047",.,"1,440","1,735","2,201",.,.,.,.,.,866,"16,547",.,.,.,"2,706","38,451"
PX56A,823,"Paediatric Admission for Unexplained Symptoms, with CC Score 1+",.,.,.,.,659,.,.,.,.,.,.,.,.,.,.,.,.,659
PX56B,100,"Paediatric Admission for Unexplained Symptoms, with CC Score 0",.,452,.,.,.,.,.,.,.,.,.,.,.,.,.,.,.,452
PX56B,180,"Paediatric Admission for Unexplained Symptoms, with CC Score 0",.,457,.,.,.,.,.,.,.,.,.,.,.,.,.,.,.,457
PX56B,300,"Paediatric Admission for Unexplained Symptoms, with CC Score 0",877,.,.,.,.,.,.,.,.,.,.,.,.,.,.,.,367,"1,243"
PX56B,350,"Paediatric Admission for Unexplained Symptoms, with CC Score 0",.,.,.,.,.,.,.,.,.,.,.,.,792,.,.,.,.,792
PX56B,420,"Paediatric Admission for Unexplained Symptoms, with CC Score 0","22,105","7,312",.,"2,881","5,205","2,201",.,.,.,.,.,"3,465","6,017",.,"1,000",.,"8,659","58,845"
PX56B,421,"Paediatric Admission for Unexplained Symptoms, with CC Score 0",.,.,.,.,.,.,.,.,.,.,.,.,"1,262",.,.,.,.,"1,262"
PX57A,100,"Paediatric Examination, Follow-Up, Special Screening or Other Admissions, with CC Score 4+",457,.,.,.,.,.,.,.,.,.,.,.,.,.,.,.,.,457
PX57A,420,"Paediatric Examination, Follow-Up, Special Screening or Other Admissions, with CC Score 4+",.,.,.,.,867,.,.,.,.,.,.,433,.,.,"1,000",.,.,"2,301"
PX57B,100,"Paediatric Examination, Follow-Up, Special Screening or Other Admissions, with CC Score 1-3",.,.,532,.,438,.,.,.,.,.,.,.,.,.,.,.,.,970
PX57B,120,"Paediatric Examination, Follow-Up, Special Screening or Other Admissions, with CC Score 1-3",.,.,.,.,"1,134",.,.,.,.,.,.,.,820,.,.,.,"3,310","5,264"
PX57B,171,"Paediatric Examination, Follow-Up, Special Screening or Other Admissions, with CC Score 1-3",.,.,.,.,.,.,.,.,.,.,.,.,814,.,.,.,.,814
PX57B,180,"Paediatric Examination, Follow-Up, Special Screening or Other Admissions, with CC Score 1-3",.,457,.,.,.,.,.,.,.,.,.,.,.,.,.,.,.,457
PX57B,320,"Paediatric Examination, Follow-Up, Special Screening or Other Admissions, with CC Score 1-3",.,.,.,.,770,.,.,.,.,.,.,.,"1,030",.,.,.,.,"1,800"
PX57B,420,"Paediatric Examination, Follow-Up, Special Screening or Other Admissions, with CC Score 1-3","6,098","6,093",.,"5,762",867,734,.,.,.,.,.,"5,198","2,256",.,.,.,"4,329","31,338"
PX57B,502,"Paediatric Examination, Follow-Up, Special Screening or Other Admissions, with CC Score 1-3",589,.,.,.,.,.,.,.,.,.,.,.,.,.,.,.,.,589
PX57C,100,"Paediatric Examination, Follow-Up, Special Screening or Other Admissions, with CC Score 0",457,"2,348",.,.,876,.,.,.,.,.,525,.,388,.,647,.,.,"5,242"
PX57C,120,"Paediatric Examination, Follow-Up, Special Screening or Other Admissions, with CC Score 0","15,648","6,296",.,.,"20,031",.,.,.,.,.,.,.,"30,308",.,.,.,"20,465","92,748"
PX57C,140,"Paediatric Examination, Follow-Up, Special Screening or Other Admissions, with CC Score 0",.,.,.,.,.,.,.,.,.,.,.,.,.,.,.,.,"1,198","1,198"
PX57C,160,"Paediatric Examination, Follow-Up, Special Screening or Other Admissions, with CC Score 0",.,.,.,.,.,.,.,.,.,.,.,.,.,.,.,.,792,792
PX57C,180,"Paediatric Examination, Follow-Up, Special Screening or Other Admissions, with CC Score 0",.,457,.,.,.,.,.,.,.,.,.,.,.,.,.,.,.,457
PX57C,300,"Paediatric Examination, Follow-Up, Special Screening or Other Admissions, with CC Score 0",.,.,.,.,327,.,.,.,.,.,.,.,.,.,.,.,.,327
PX57C,420,"Paediatric Examination, Follow-Up, Special Screening or Other Admissions, with CC Score 0","24,392","23,154",.,"12,244","8,675","3,668",.,.,.,.,.,"9,097","4,513",.,"19,003",.,"44,000","148,745"
PX57C,502,"Paediatric Examination, Follow-Up, Special Screening or Other Admissions, with CC Score 0",.,.,.,.,730,.,.,.,.,.,.,.,.,.,.,.,.,730
PX59B,420,Paediatric Major Congenital Conditions with CC Score 3-5,.,609,.,.,.,.,.,.,.,.,.,.,.,.,.,.,.,609
PX59C,150,Paediatric Major Congenital Conditions with CC Score 1-2,.,.,.,.,.,.,.,.,.,.,.,.,"1,074",.,.,.,.,"1,074"
PX59C,420,Paediatric Major Congenital Conditions with CC Score 1-2,"1,525",.,.,720,.,.,.,.,.,.,.,.,.,.,.,.,"1,623","3,868"
PX59D,350,Paediatric Major Congenital Conditions with CC Score 0,.,.,.,.,.,.,.,.,.,.,.,.,792,.,.,.,.,792
PX59D,420,Paediatric Major Congenital Conditions with CC Score 0,.,609,.,.,.,.,.,.,.,.,.,433,.,.,"1,000",.,541,"2,584"
PX60A,100,Paediatric Other Congenital Conditions with CC Score 3+,457,.,.,.,.,.,.,.,.,.,.,.,.,.,.,.,.,457
PX60A,420,Paediatric Other Congenital Conditions with CC Score 3+,.,609,.,.,.,.,.,.,.,.,.,.,.,.,.,.,.,609
PX60B,171,Paediatric Other Congenital Conditions with CC Score 1-2,.,.,.,.,.,.,.,.,.,.,.,.,814,.,.,.,.,814
PX60B,420,Paediatric Other Congenital Conditions with CC Score 1-2,762,"3,047",.,720,.,734,.,.,.,.,.,.,752,.,.,.,.,"6,015"
PX60C,100,Paediatric Other Congenital Conditions with CC Score 0,.,904,.,.,.,.,.,.,.,.,.,.,.,.,.,.,.,904
PX60C,130,Paediatric Other Congenital Conditions with CC Score 0,.,.,.,.,.,.,.,.,.,.,.,.,865,.,.,.,.,865
PX60C,140,Paediatric Other Congenital Conditions with CC Score 0,.,.,.,.,.,.,.,.,.,.,.,.,.,.,.,.,599,599
PX60C,420,Paediatric Other Congenital Conditions with CC Score 0,762,"8,530",.,"1,440",867,.,.,.,.,.,.,.,.,.,.,.,"3,247","14,848"
PX60C,501,Paediatric Other Congenital Conditions with CC Score 0,.,"1,910",.,.,.,.,.,.,.,.,.,.,.,.,.,.,.,"1,910"
PX60C,502,Paediatric Other Congenital Conditions with CC Score 0,.,.,.,.,.,.,.,.,.,.,.,.,.,.,676,.,.,676
SA01G,300,"Acquired Pure Red Cell Aplasia or Other Aplastic Anaemia, with CC Score 8+",.,813,.,.,.,.,.,.,.,.,.,.,386,.,.,.,"1,100","2,300"
SA01H,300,"Acquired Pure Red Cell Aplasia or Other Aplastic Anaemia, with CC Score 5-7",438,.,.,454,.,301,.,.,.,.,.,.,.,.,.,.,"1,100","2,294"
SA01H,303,"Acquired Pure Red Cell Aplasia or Other Aplastic Anaemia, with CC Score 5-7",.,.,"1,424",.,.,.,.,.,.,.,.,.,.,.,.,.,.,"1,424"
SA01J,300,"Acquired Pure Red Cell Aplasia or Other Aplastic Anaemia, with CC Score 2-4",438,407,.,.,.,.,.,.,.,.,773,.,772,.,"1,004",.,"1,100","4,495"
SA01K,300,"Acquired Pure Red Cell Aplasia or Other Aplastic Anaemia, with CC Score 0-1",438,.,.,.,.,.,.,.,.,.,773,.,772,.,502,.,367,"2,852"
SA01K,303,"Acquired Pure Red Cell Aplasia or Other Aplastic Anaemia, with CC Score 0-1",.,.,791,.,.,.,.,.,.,.,.,.,.,.,.,.,.,791
SA02G,300,Coagulation Defect with CC Score 5+,.,.,.,.,.,.,.,.,.,.,.,.,386,.,.,.,.,386
SA02H,100,Coagulation Defect with CC Score 2-4,.,.,.,573,.,.,.,.,.,.,.,.,.,.,.,.,.,573
SA02H,300,Coagulation Defect with CC Score 2-4,.,.,.,454,.,.,.,.,.,.,.,.,.,.,.,.,.,454
SA02H,303,Coagulation Defect with CC Score 2-4,.,.,712,.,.,.,.,.,.,.,.,.,.,.,.,.,.,712
SA02J,303,Coagulation Defect with CC Score 0-1,.,.,"2,848",.,.,.,.,.,.,.,.,.,.,.,.,.,.,"2,848"
SA03G,300,Haemolytic Anaemia with CC Score 3+,.,407,.,.,.,.,.,.,.,.,.,.,772,.,.,.,367,"1,546"
SA03G,303,Haemolytic Anaemia with CC Score 3+,.,.,712,.,.,.,.,.,.,.,.,.,.,.,.,.,.,712
SA03G,430,Haemolytic Anaemia with CC Score 3+,.,.,.,.,.,.,.,.,.,.,.,.,654,.,.,.,.,654
SA03H,300,Haemolytic Anaemia with CC Score 0-2,.,407,.,.,327,301,528,.,.,.,.,.,.,.,.,.,.,"1,562"
SA03H,303,Haemolytic Anaemia with CC Score 0-2,.,357,712,.,.,.,.,.,.,.,.,.,.,.,.,.,.,"1,069"
SA04G,300,Iron Deficiency Anaemia with CC Score 14+,.,.,.,.,.,.,.,.,.,.,.,.,.,.,.,.,"1,834","1,834"
SA04H,300,Iron Deficiency Anaemia with CC Score 10-13,.,"1,220",.,.,.,.,.,.,.,.,611,.,"2,703",.,502,.,"1,467","6,503"
SA04H,303,Iron Deficiency Anaemia with CC Score 10-13,555,.,.,.,.,.,.,.,.,.,.,.,.,.,.,.,.,555
SA04H,430,Iron Deficiency Anaemia with CC Score 10-13,.,.,499,.,.,.,.,.,.,.,.,.,.,.,.,.,.,499
SA04J,300,Iron Deficiency Anaemia with CC Score 6-9,"5,698","6,099","2,828",454,327,.,.,.,"1,127",.,387,.,"3,861",.,"2,009",.,"6,235","29,024"
SA04J,301,Iron Deficiency Anaemia with CC Score 6-9,.,374,.,.,.,.,.,.,.,.,.,.,.,.,.,.,.,374
SA04J,303,Iron Deficiency Anaemia with CC Score 6-9,.,.,712,.,.,.,.,.,.,.,.,.,.,.,.,.,.,712
SA04J,320,Iron Deficiency Anaemia with CC Score 6-9,689,845,.,547,.,.,.,.,.,.,.,.,.,.,.,.,.,"2,080"
SA04J,430,Iron Deficiency Anaemia with CC Score 6-9,368,370,.,.,.,.,.,.,.,.,.,.,.,.,644,.,298,"1,681"
SA04K,100,Iron Deficiency Anaemia with CC Score 2-5,"3,196",.,.,.,.,"1,186",.,.,.,.,.,.,388,.,.,.,455,"5,224"
SA04K,180,Iron Deficiency Anaemia with CC Score 2-5,.,457,.,.,.,.,.,.,.,.,.,.,.,.,.,.,.,457
SA04K,300,Iron Deficiency Anaemia with CC Score 2-5,"13,587","8,539","6,868","2,268","1,307",904,.,.,"5,261",.,"7,998",.,"10,811",.,"4,519",.,"19,807","81,868"
SA04K,301,Iron Deficiency Anaemia with CC Score 2-5,.,"2,616",.,.,.,.,.,.,.,.,.,.,.,.,.,.,.,"2,616"
SA04K,320,Iron Deficiency Anaemia with CC Score 2-5,.,"1,267",.,.,385,.,.,.,.,.,453,.,.,.,.,.,.,"2,105"
SA04K,430,Iron Deficiency Anaemia with CC Score 2-5,368,741,.,.,.,.,.,.,.,360,"2,326",.,654,.,.,.,"2,089","6,537"
SA04L,100,Iron Deficiency Anaemia with CC Score 0-1,.,.,.,.,.,395,.,.,.,.,"1,139",.,.,.,.,.,"1,818","3,352"
SA04L,101,Iron Deficiency Anaemia with CC Score 0-1,.,.,.,.,.,.,.,.,.,.,.,.,.,.,.,.,385,385
SA04L,180,Iron Deficiency Anaemia with CC Score 0-1,.,.,.,.,.,.,.,.,.,.,.,.,306,.,.,.,.,306
SA04L,300,Iron Deficiency Anaemia with CC Score 0-1,"14,902","4,066","7,668",907,654,603,.,.,"1,879",.,"4,170",.,"8,108",.,"3,013",.,"3,301","49,271"
SA04L,301,Iron Deficiency Anaemia with CC Score 0-1,.,"1,495",.,.,.,.,.,.,.,.,.,.,.,.,.,.,.,"1,495"
SA04L,430,Iron Deficiency Anaemia with CC Score 0-1,368,741,.,.,.,.,.,.,366,.,388,.,.,.,.,.,"1,791","3,653"
SA05G,100,Megaloblastic Anaemia with CC Score 8+,.,.,.,.,.,.,.,.,.,.,525,.,.,.,.,.,.,525
SA05G,300,Megaloblastic Anaemia with CC Score 8+,.,.,.,.,.,.,.,.,.,.,387,.,.,.,.,.,.,387
SA05G,320,Megaloblastic Anaemia with CC Score 8+,.,.,.,.,.,.,.,.,.,.,.,.,611,.,.,.,.,611
SA05H,300,Megaloblastic Anaemia with CC Score 4-7,877,407,"1,212",.,.,.,.,.,376,.,"1,160",.,772,.,.,.,"1,100","5,903"
SA05H,320,Megaloblastic Anaemia with CC Score 4-7,.,.,.,.,.,.,.,.,.,.,453,.,.,.,.,.,.,453
SA05H,430,Megaloblastic Anaemia with CC Score 4-7,.,370,499,.,.,.,.,.,.,.,.,.,.,.,.,.,.,869
SA05J,300,Megaloblastic Anaemia with CC Score 0-3,877,"1,220","1,616",.,.,.,.,.,.,.,387,.,"2,317",.,502,.,"1,467","8,385"
SA06G,300,Myelodysplastic Syndrome with CC Score 8+,.,.,.,.,.,.,.,.,.,.,.,.,772,.,.,.,.,772
SA06H,300,Myelodysplastic Syndrome with CC Score 5-7,.,.,.,454,.,.,.,.,.,.,.,.,.,.,.,.,.,454
SA06H,303,Myelodysplastic Syndrome with CC Score 5-7,555,.,.,.,.,.,.,.,.,.,.,.,.,.,.,.,.,555
SA06H,320,Myelodysplastic Syndrome with CC Score 5-7,.,.,.,547,.,.,.,.,.,.,.,.,.,.,.,.,.,547
SA06J,303,Myelodysplastic Syndrome with CC Score 2-4,.,.,712,.,.,.,.,.,.,.,.,.,.,.,.,.,.,712
SA06K,300,Myelodysplastic Syndrome with CC Score 0-1,.,407,808,454,.,.,.,.,.,.,.,.,.,.,.,.,.,"1,668"
SA06K,303,Myelodysplastic Syndrome with CC Score 0-1,.,.,712,.,.,.,.,.,.,.,.,.,.,.,.,.,.,712
SA07G,300,Myeloproliferative Disorder with CC Score 7+,.,.,.,.,327,301,.,.,.,.,.,.,.,.,.,.,.,628
SA07H,300,Myeloproliferative Disorder with CC Score 4-6,438,407,.,.,.,.,.,.,.,.,.,.,.,.,.,.,367,"1,212"
SA07J,100,Myeloproliferative Disorder with CC Score 0-3,.,.,.,.,.,.,.,.,.,.,.,.,.,.,"1,941",.,.,"1,941"
SA07J,300,Myeloproliferative Disorder with CC Score 0-3,438,407,808,.,.,.,.,.,.,.,"1,078",.,.,.,.,.,367,"3,098"
SA07J,303,Myeloproliferative Disorder with CC Score 0-3,"1,110",.,712,.,.,.,.,.,.,.,.,.,.,.,.,.,.,"1,822"
SA08G,300,"Other Haematological or Splenic Disorders, with CC Score 6+","2,630",407,.,.,.,.,.,.,.,.,334,.,.,.,502,.,.,"3,873"
SA08H,100,"Other Haematological or Splenic Disorders, with CC Score 3-5",.,.,.,.,.,.,.,.,.,.,.,.,388,.,.,.,.,388
SA08H,300,"Other Haematological or Splenic Disorders, with CC Score 3-5",.,"1,220","1,616",.,327,.,.,.,.,.,387,.,386,.,.,.,734,"4,669"
SA08H,303,"Other Haematological or Splenic Disorders, with CC Score 3-5",555,.,.,.,.,.,.,.,.,.,.,.,.,.,.,.,.,555
SA08J,100,"Other Haematological or Splenic Disorders, with CC Score 0-2",457,452,.,.,.,.,.,.,.,.,.,.,.,.,.,.,.,909
SA08J,300,"Other Haematological or Splenic Disorders, with CC Score 0-2",438,"1,220",404,.,327,301,.,.,.,.,334,.,772,.,"2,009",.,367,"6,172"
SA09G,300,Other Red Blood Cell Disorders with CC Score 14+,.,.,.,.,.,.,.,.,.,.,.,.,.,.,.,.,"1,467","1,467"
SA09G,301,Other Red Blood Cell Disorders with CC Score 14+,.,748,.,.,.,.,.,.,.,.,.,.,.,.,.,.,.,748
SA09H,300,Other Red Blood Cell Disorders with CC Score 10-13,.,813,808,.,327,.,.,.,376,.,.,.,"2,703",.,"1,004",.,"2,934","8,965"
SA09H,320,Other Red Blood Cell Disorders with CC Score 10-13,.,.,.,.,385,.,.,.,.,.,.,.,.,.,.,.,.,385
SA09H,361,Other Red Blood Cell Disorders with CC Score 10-13,.,.,.,.,.,409,.,.,.,.,.,.,.,.,.,.,.,409
SA09H,430,Other Red Blood Cell Disorders with CC Score 10-13,.,.,.,.,.,.,.,.,.,.,.,.,.,.,.,.,298,298
SA09J,100,Other Red Blood Cell Disorders with CC Score 6-9,457,452,.,.,.,791,.,.,.,.,.,.,.,.,.,.,.,"1,699"
SA09J,300,Other Red Blood Cell Disorders with CC Score 6-9,"7,451","4,473","4,848",.,"1,307",301,.,.,"2,255",.,721,.,"13,127",.,"2,009",.,"8,803","45,294"
SA09J,301,Other Red Blood Cell Disorders with CC Score 6-9,.,607,.,.,.,.,.,.,.,.,.,.,.,.,.,.,.,607
SA09J,320,Other Red Blood Cell Disorders with CC Score 6-9,.,422,.,.,385,.,701,.,.,.,453,.,.,.,.,.,.,"1,961"
SA09J,340,Other Red Blood Cell Disorders with CC Score 6-9,.,.,465,.,.,.,.,.,.,.,.,.,.,.,.,.,.,465
SA09J,430,Other Red Blood Cell Disorders with CC Score 6-9,368,.,499,.,.,.,.,.,.,.,388,.,654,.,.,.,.,"1,908"
SA09J,502,Other Red Blood Cell Disorders with CC Score 6-9,.,.,.,794,.,.,.,.,.,.,.,.,.,.,.,.,.,794
SA09K,100,Other Red Blood Cell Disorders with CC Score 2-5,"1,370",.,.,.,"1,314",395,.,.,.,.,.,.,776,.,.,.,455,"4,311"
SA09K,180,Other Red Blood Cell Disorders with CC Score 2-5,.,"1,370",.,.,.,.,.,.,.,.,.,.,306,.,.,.,.,"1,676"
SA09K,300,Other Red Blood Cell Disorders with CC Score 2-5,"4,821","11,792","6,868",907,"1,634","2,410",.,.,"3,006",.,"6,371",.,"21,622",.,"9,541",.,"11,737","80,709"
SA09K,301,Other Red Blood Cell Disorders with CC Score 2-5,.,"2,990",.,.,.,.,.,.,.,.,.,.,.,.,.,.,.,"2,990"
SA09K,320,Other Red Blood Cell Disorders with CC Score 2-5,.,.,.,547,.,.,.,.,.,.,"1,359",.,.,.,.,552,.,"2,458"
SA09K,340,Other Red Blood Cell Disorders with CC Score 2-5,.,.,465,.,.,.,.,.,.,.,.,.,466,.,.,.,.,931
SA09K,361,Other Red Blood Cell Disorders with CC Score 2-5,"1,042",.,.,.,.,.,.,.,.,.,.,.,.,.,.,.,.,"1,042"
SA09K,430,Other Red Blood Cell Disorders with CC Score 2-5,.,370,.,.,.,.,.,.,.,.,775,.,"1,961",.,644,.,298,"4,049"
SA09K,502,Other Red Blood Cell Disorders with CC Score 2-5,589,.,.,.,"1,459",.,.,.,.,.,.,.,.,.,.,.,.,"2,049"
SA09L,100,Other Red Blood Cell Disorders with CC Score 0-1,914,.,532,.,.,.,.,.,.,.,.,.,776,.,.,.,909,"3,131"
SA09L,160,Other Red Blood Cell Disorders with CC Score 0-1,.,.,.,.,.,.,.,.,.,.,.,.,.,.,.,.,490,490
SA09L,180,Other Red Blood Cell Disorders with CC Score 0-1,.,.,.,.,.,.,.,.,.,.,.,.,306,.,.,.,.,306
SA09L,300,Other Red Blood Cell Disorders with CC Score 0-1,"7,889","2,440","7,268",907,980,904,528,.,376,.,"6,050",.,"12,355",.,"3,013",.,"3,301","46,011"
SA09L,301,Other Red Blood Cell Disorders with CC Score 0-1,.,374,.,.,.,.,.,.,.,.,.,.,.,.,.,.,.,374
SA09L,303,Other Red Blood Cell Disorders with CC Score 0-1,.,.,712,.,.,.,.,.,.,.,.,.,.,.,.,.,.,712
SA09L,320,Other Red Blood Cell Disorders with CC Score 0-1,.,.,.,.,.,.,.,.,.,.,453,.,611,.,799,.,.,"1,863"
SA09L,430,Other Red Blood Cell Disorders with CC Score 0-1,.,.,.,.,.,.,.,.,.,.,"1,163",.,654,.,.,.,"1,194","3,010"
SA11Z,300,Thalassaemia,.,.,.,.,.,.,.,.,.,.,.,.,.,.,502,.,.,502
SA12G,300,Thrombocytopenia with CC Score 8+,.,.,.,.,327,.,.,.,.,.,.,.,.,.,.,.,367,694
SA12G,303,Thrombocytopenia with CC Score 8+,.,.,712,.,.,.,.,.,.,.,.,.,.,.,.,.,.,712
SA12G,430,Thrombocytopenia with CC Score 8+,.,.,499,.,.,.,.,.,.,.,.,.,.,.,.,.,.,499
SA12H,300,Thrombocytopenia with CC Score 5-7,.,.,.,454,.,.,.,.,.,.,334,.,.,.,.,.,"1,100","1,888"
SA12H,303,Thrombocytopenia with CC Score 5-7,555,.,.,.,.,.,.,.,.,.,.,.,.,.,.,.,.,555
SA12J,300,Thrombocytopenia with CC Score 2-4,.,813,"1,212",.,980,.,.,.,.,.,.,.,386,.,"1,506",.,734,"5,632"
SA12K,300,Thrombocytopenia with CC Score 0-1,.,"2,033",404,.,654,.,.,.,.,.,.,.,"1,931",.,.,.,734,"5,755"
SA12K,501,Thrombocytopenia with CC Score 0-1,.,.,.,.,939,.,.,.,.,.,.,.,.,.,.,.,.,939
SA13A,100,"Single Plasma Exchange, Leucophoresis or Red Cell Exchange, 19 years and over",.,.,.,.,"3,505","2,493",.,.,.,.,.,.,.,.,.,.,.,"5,998"
SA13A,101,"Single Plasma Exchange, Leucophoresis or Red Cell Exchange, 19 years and over",.,.,792,.,.,.,.,.,.,.,.,.,.,.,.,.,.,792
SA13A,300,"Single Plasma Exchange, Leucophoresis or Red Cell Exchange, 19 years and over","10,519",813,"19,238",.,"2,614","1,808","3,693",.,"1,503",.,520,.,"1,481",.,"12,052",.,"4,768","59,009"
SA13A,303,"Single Plasma Exchange, Leucophoresis or Red Cell Exchange, 19 years and over",.,.,"12,311",.,.,.,.,.,.,.,.,.,.,.,.,.,.,"12,311"
SA13A,320,"Single Plasma Exchange, Leucophoresis or Red Cell Exchange, 19 years and over",689,.,.,.,.,.,.,.,.,.,.,.,.,.,.,.,.,689
SA13A,361,"Single Plasma Exchange, Leucophoresis or Red Cell Exchange, 19 years and over",521,.,767,.,.,.,.,.,.,.,.,.,.,.,.,.,.,"1,288"
SA13A,370,"Single Plasma Exchange, Leucophoresis or Red Cell Exchange, 19 years and over",.,.,"9,235",.,.,.,.,.,.,.,.,.,.,.,.,.,.,"9,235"
SA13A,410,"Single Plasma Exchange, Leucophoresis or Red Cell Exchange, 19 years and over",.,.,.,.,.,.,.,693,.,.,.,.,.,.,.,.,.,693
SA13A,430,"Single Plasma Exchange, Leucophoresis or Red Cell Exchange, 19 years and over",.,.,.,.,.,.,.,.,366,.,.,.,.,.,644,.,.,"1,010"
SA13A,501,"Single Plasma Exchange, Leucophoresis or Red Cell Exchange, 19 years and over","1,184",955,.,"3,383","3,756","6,077",.,.,.,.,.,.,"3,496",.,"2,932",.,"1,491","23,275"
SA13A,502,"Single Plasma Exchange, Leucophoresis or Red Cell Exchange, 19 years and over","1,664",.,"2,543","1,588","1,459",726,.,.,.,.,.,.,.,.,863,.,"2,330","11,175"
SA13B,300,"Single Plasma Exchange, Leucophoresis or Red Cell Exchange, 18 years and under",.,.,400,.,.,.,.,.,.,.,.,.,.,.,.,.,.,400
SA13B,303,"Single Plasma Exchange, Leucophoresis or Red Cell Exchange, 18 years and under",.,.,"3,004",.,.,.,.,.,.,.,.,.,.,.,.,.,.,"3,004"
SA13B,420,"Single Plasma Exchange, Leucophoresis or Red Cell Exchange, 18 years and under",.,"1,828",.,.,.,.,.,.,.,.,.,.,.,.,"2,000",.,541,"4,369"
SA13B,501,"Single Plasma Exchange, Leucophoresis or Red Cell Exchange, 18 years and under","1,184",.,.,.,.,.,.,.,.,.,.,.,.,.,.,.,.,"1,184"
SA14Z,361,"Plasma Exchanges, 2 to 9","14,067",.,767,.,.,.,.,.,.,.,.,.,.,.,.,.,.,"14,834"
SA14Z,502,"Plasma Exchanges, 2 to 9",.,.,507,.,.,.,.,.,.,.,.,.,.,.,.,.,.,507
SA17G,100,"Malignant Disorders of Lymphatic or Haematological Systems, with CC Score 3+",.,.,.,.,.,.,.,.,.,.,.,.,388,.,.,.,.,388
SA17G,300,"Malignant Disorders of Lymphatic or Haematological Systems, with CC Score 3+",.,.,.,.,.,.,.,.,.,.,.,.,.,.,502,.,.,502
SA17H,300,"Malignant Disorders of Lymphatic or Haematological Systems, with CC Score 0-2",.,.,808,.,.,.,.,.,.,.,387,.,.,.,.,.,.,"1,195"
SA24G,300,Acute Lymphoblastic Leukaemia with CC Score 5+,.,.,404,.,.,.,.,.,.,.,.,.,.,.,.,.,"1,467","1,871"
SA24H,303,Acute Lymphoblastic Leukaemia with CC Score 2-4,.,.,712,.,.,.,.,.,.,.,.,.,.,.,.,.,.,712
SA24J,180,Acute Lymphoblastic Leukaemia with CC Score 0-1,.,.,.,.,.,.,.,.,.,.,.,.,306,.,.,.,.,306
SA24J,300,Acute Lymphoblastic Leukaemia with CC Score 0-1,.,407,.,.,.,.,.,.,.,.,.,.,.,.,.,.,.,407
SA24J,303,Acute Lymphoblastic Leukaemia with CC Score 0-1,.,.,712,.,.,.,.,.,.,.,.,.,.,.,.,.,.,712
SA25H,300,Acute Myeloid Leukaemia with CC Score 9-11,.,.,.,.,.,.,.,.,.,.,387,.,.,.,.,.,.,387
SA25J,300,Acute Myeloid Leukaemia with CC Score 6-8,.,"1,220",.,.,.,.,.,.,.,.,.,.,.,.,.,.,367,"1,587"
SA25J,303,Acute Myeloid Leukaemia with CC Score 6-8,555,.,"3,138",.,.,.,.,.,.,.,.,.,.,.,.,.,.,"3,693"
SA25K,300,Acute Myeloid Leukaemia with CC Score 4-5,.,.,.,.,.,.,.,.,.,.,.,.,.,.,.,.,"1,467","1,467"
SA25K,320,Acute Myeloid Leukaemia with CC Score 4-5,.,422,.,.,.,.,.,.,.,.,.,.,.,.,.,.,.,422
SA25K,370,Acute Myeloid Leukaemia with CC Score 4-5,.,.,708,.,.,.,.,.,.,.,.,.,.,.,.,.,.,708
SA25L,300,Acute Myeloid Leukaemia with CC Score 2-3,.,.,.,.,327,.,.,.,.,.,.,.,.,.,.,.,734,"1,060"
SA25L,303,Acute Myeloid Leukaemia with CC Score 2-3,.,.,"2,136",.,.,.,.,.,.,.,.,.,.,.,.,.,.,"2,136"
SA25M,300,Acute Myeloid Leukaemia with CC Score 0-1,438,.,404,.,654,.,.,.,.,.,.,.,.,.,.,.,.,"1,496"
SA25M,303,Acute Myeloid Leukaemia with CC Score 0-1,.,.,"3,007",.,.,.,.,.,.,.,.,.,.,.,.,.,.,"3,007"
SA30A,300,Plasma Cell Disorders with CC Score 11+,.,407,808,.,.,.,.,.,.,.,.,.,.,.,.,.,.,"1,215"
SA30A,823,Plasma Cell Disorders with CC Score 11+,.,.,.,.,"1,977",.,.,.,.,.,.,.,.,.,.,.,.,"1,977"
SA30B,300,Plasma Cell Disorders with CC Score 8-10,.,.,808,.,.,.,.,.,.,.,.,.,.,.,.,.,.,808
SA30C,300,Plasma Cell Disorders with CC Score 5-7,.,813,404,.,327,.,.,.,.,.,.,.,901,.,.,.,734,"3,178"
SA30C,303,Plasma Cell Disorders with CC Score 5-7,.,.,712,.,.,.,.,.,.,.,.,.,.,.,.,.,.,712
SA30C,340,Plasma Cell Disorders with CC Score 5-7,.,.,930,.,.,.,.,.,.,.,.,.,.,.,.,.,.,930
SA30C,823,Plasma Cell Disorders with CC Score 5-7,.,.,.,.,659,.,.,.,.,.,.,.,.,.,.,.,.,659
SA30D,300,Plasma Cell Disorders with CC Score 2-4,.,813,404,.,.,.,.,.,.,.,.,.,772,.,502,.,"2,568","5,059"
SA30D,303,Plasma Cell Disorders with CC Score 2-4,555,357,"1,424",.,.,.,.,.,.,.,.,.,.,.,.,.,.,"2,336"
SA30D,320,Plasma Cell Disorders with CC Score 2-4,.,.,.,.,.,.,.,.,.,.,.,.,.,.,.,.,456,456
SA30E,180,Plasma Cell Disorders with CC Score 0-1,.,.,.,.,894,.,.,.,.,.,.,.,.,.,.,.,.,894
SA30E,300,Plasma Cell Disorders with CC Score 0-1,.,.,.,.,654,.,.,.,.,.,.,.,.,.,.,.,"2,454","3,108"
SA30E,303,Plasma Cell Disorders with CC Score 0-1,555,357,"5,696",.,.,.,.,.,.,.,.,.,.,.,.,.,.,"6,609"
SA30E,370,Plasma Cell Disorders with CC Score 0-1,.,.,708,.,.,.,.,.,.,.,.,.,.,.,.,.,.,708
SA30E,823,Plasma Cell Disorders with CC Score 0-1,.,.,.,.,"4,613",.,.,.,.,.,.,.,.,.,.,.,.,"4,613"
SA31B,300,"Malignant Lymphoma, including Hodgkin's and Non-Hodgkin's, with CC Score 10-14",438,.,.,.,.,.,.,.,.,.,.,.,.,.,.,.,"2,201","2,639"
SA31B,303,"Malignant Lymphoma, including Hodgkin's and Non-Hodgkin's, with CC Score 10-14",.,.,712,.,.,.,.,.,.,.,.,.,.,.,.,.,.,712
SA31B,430,"Malignant Lymphoma, including Hodgkin's and Non-Hodgkin's, with CC Score 10-14",.,.,.,.,.,.,.,.,.,.,.,.,654,.,.,.,.,654
SA31C,100,"Malignant Lymphoma, including Hodgkin's and Non-Hodgkin's, with CC Score 6-9",.,.,.,.,.,"1,186",.,.,.,.,.,.,.,.,.,.,.,"1,186"
SA31C,120,"Malignant Lymphoma, including Hodgkin's and Non-Hodgkin's, with CC Score 6-9",.,.,.,.,.,325,.,.,.,.,.,.,.,.,.,.,.,325
SA31C,300,"Malignant Lymphoma, including Hodgkin's and Non-Hodgkin's, with CC Score 6-9",.,.,.,.,327,.,.,.,.,.,387,.,772,.,.,.,"4,035","5,520"
SA31C,303,"Malignant Lymphoma, including Hodgkin's and Non-Hodgkin's, with CC Score 6-9","1,665",.,.,.,.,.,.,.,.,.,.,.,.,.,.,.,.,"1,665"
SA31C,430,"Malignant Lymphoma, including Hodgkin's and Non-Hodgkin's, with CC Score 6-9",.,.,499,.,.,.,.,.,.,.,.,.,.,.,.,.,.,499
SA31D,300,"Malignant Lymphoma, including Hodgkin's and Non-Hodgkin's, with CC Score 4-5",.,407,808,.,327,.,.,.,.,.,.,.,.,.,.,.,"2,568","4,109"
SA31D,303,"Malignant Lymphoma, including Hodgkin's and Non-Hodgkin's, with CC Score 4-5",555,.,712,.,.,.,.,.,.,.,.,.,.,.,.,.,.,"1,267"
SA31D,430,"Malignant Lymphoma, including Hodgkin's and Non-Hodgkin's, with CC Score 4-5",.,.,499,.,.,.,.,.,.,.,.,.,.,.,.,.,.,499
SA31E,100,"Malignant Lymphoma, including Hodgkin's and Non-Hodgkin's, with CC Score 2-3",.,.,.,.,876,.,.,.,.,.,.,.,.,.,.,.,.,876
SA31E,120,"Malignant Lymphoma, including Hodgkin's and Non-Hodgkin's, with CC Score 2-3",.,.,.,.,378,.,.,.,.,.,.,.,.,.,.,.,.,378
SA31E,300,"Malignant Lymphoma, including Hodgkin's and Non-Hodgkin's, with CC Score 2-3",.,.,404,.,654,.,.,.,.,.,.,.,.,.,.,.,"1,467","2,525"
SA31E,303,"Malignant Lymphoma, including Hodgkin's and Non-Hodgkin's, with CC Score 2-3","2,220",357,"2,848",.,.,.,.,.,.,.,.,.,.,.,.,.,.,"5,425"
SA31E,370,"Malignant Lymphoma, including Hodgkin's and Non-Hodgkin's, with CC Score 2-3",.,.,708,.,.,.,.,.,.,.,.,.,.,.,.,.,.,708
SA31E,823,"Malignant Lymphoma, including Hodgkin's and Non-Hodgkin's, with CC Score 2-3",.,.,.,.,"3,295",.,.,.,.,.,.,.,.,.,.,.,.,"3,295"
SA31F,100,"Malignant Lymphoma, including Hodgkin's and Non-Hodgkin's, with CC Score 0-1",.,.,.,.,.,.,.,.,.,.,.,.,388,.,.,.,.,388
SA31F,300,"Malignant Lymphoma, including Hodgkin's and Non-Hodgkin's, with CC Score 0-1",438,813,"1,616",.,327,.,.,.,.,.,.,.,"1,544",.,.,.,"1,834","6,573"
SA31F,303,"Malignant Lymphoma, including Hodgkin's and Non-Hodgkin's, with CC Score 0-1","1,665",.,"6,567",.,.,.,.,.,.,.,.,.,.,.,.,.,.,"8,232"
SA31F,370,"Malignant Lymphoma, including Hodgkin's and Non-Hodgkin's, with CC Score 0-1",.,.,"1,415",.,.,.,.,.,.,.,.,.,.,.,.,.,.,"1,415"
SA31F,823,"Malignant Lymphoma, including Hodgkin's and Non-Hodgkin's, with CC Score 0-1",.,.,.,.,659,.,.,.,.,.,.,.,.,.,.,.,.,659
SA32C,300,"Chronic Lymphocytic Leukaemia, including Related Disorders, with CC Score 3-4",438,.,.,.,327,.,.,.,.,.,.,.,.,.,.,.,.,765
SA32C,823,"Chronic Lymphocytic Leukaemia, including Related Disorders, with CC Score 3-4",.,.,.,.,659,.,.,.,.,.,.,.,.,.,.,.,.,659
SA32D,300,"Chronic Lymphocytic Leukaemia, including Related Disorders, with CC Score 0-2",.,.,404,.,327,.,.,.,.,.,.,.,772,.,.,.,734,"2,237"
SA32D,303,"Chronic Lymphocytic Leukaemia, including Related Disorders, with CC Score 0-2",.,.,712,.,.,.,.,.,.,.,.,.,.,.,.,.,.,712
SA33Z,303,Diagnostic Bone Marrow Extraction,.,357,"9,495",.,.,.,.,.,.,.,.,.,.,.,.,.,.,"9,852"
SA33Z,823,Diagnostic Bone Marrow Extraction,.,.,.,.,659,.,.,.,.,.,.,.,.,.,.,.,.,659
SA34Z,303,Peripheral Blood Stem Cell Harvest,.,.,"3,155",.,.,.,.,.,.,.,.,.,.,.,.,.,.,"3,155"
SA35B,300,Agranulocytosis with CC Score 9-12,.,.,.,454,654,603,.,.,.,.,.,.,.,.,.,.,.,"1,710"
SA35B,301,Agranulocytosis with CC Score 9-12,.,374,.,.,.,.,.,.,.,.,.,.,.,.,.,.,.,374
SA35C,300,Agranulocytosis with CC Score 5-8,438,.,.,907,.,.,.,.,.,.,.,.,"1,931",.,.,.,"2,201","5,477"
SA35C,303,Agranulocytosis with CC Score 5-8,"1,665",.,.,.,.,.,.,.,.,.,.,.,.,.,.,.,.,"1,665"
SA35C,340,Agranulocytosis with CC Score 5-8,.,.,.,.,.,.,.,.,.,.,.,.,466,.,.,.,.,466
SA35D,180,Agranulocytosis with CC Score 2-4,.,.,.,.,894,.,.,.,.,.,.,.,.,.,.,.,.,894
SA35D,300,Agranulocytosis with CC Score 2-4,"1,315",407,808,"1,361",.,301,.,.,.,.,387,.,"1,931",.,502,.,"6,602","13,613"
SA35D,370,Agranulocytosis with CC Score 2-4,.,.,708,.,.,.,.,.,.,.,.,.,.,.,.,.,.,708
SA35E,100,Agranulocytosis with CC Score 0-1,914,.,.,.,.,.,.,.,.,.,.,.,.,.,.,.,.,914
SA35E,180,Agranulocytosis with CC Score 0-1,.,457,.,.,.,.,.,.,.,.,.,.,306,.,.,.,.,763
SA35E,300,Agranulocytosis with CC Score 0-1,438,407,.,.,.,.,.,.,.,.,.,.,"1,931",.,"1,004",.,"3,301","7,081"
SA35E,370,Agranulocytosis with CC Score 0-1,.,.,708,.,.,.,.,.,.,.,.,.,.,.,.,.,.,708
SB97Z,303,Same Day Chemotherapy Admission or Attendance,"1,665",714,"4,272",.,.,.,.,.,.,.,.,.,.,.,.,.,.,"6,652"
SB97Z,370,Same Day Chemotherapy Admission or Attendance,.,.,"2,123",.,.,.,.,.,.,.,.,.,.,.,.,.,.,"2,123"
UZ01Z,100,Data Invalid for Grouping,"15,532",.,532,.,"2,628","5,534",.,.,.,.,"5,779",.,"38,989",.,"8,066",.,.,"77,061"
UZ01Z,101,Data Invalid for Grouping,565,.,"15,520",.,"1,423",.,.,.,.,.,.,.,.,.,.,.,.,"17,508"
UZ01Z,110,Data Invalid for Grouping,"3,116",.,.,.,"2,042",.,.,"1,216",.,.,.,.,"7,952",.,.,.,.,"14,326"
UZ01Z,120,Data Invalid for Grouping,"1,079",.,.,.,378,.,.,.,.,.,.,.,"26,136",.,.,.,.,"27,593"
UZ01Z,130,Data Invalid for Grouping,.,.,.,.,.,.,.,.,.,.,652,.,"3,675",.,.,.,.,"4,327"
UZ01Z,140,Data Invalid for Grouping,"2,162",.,.,.,.,.,.,.,.,.,.,.,.,.,.,.,.,"2,162"
UZ01Z,150,Data Invalid for Grouping,.,.,.,.,.,.,.,.,.,.,.,.,"11,432",.,.,.,.,"11,432"
UZ01Z,160,Data Invalid for Grouping,.,.,.,.,.,.,.,.,.,.,.,.,"1,485",.,.,.,.,"1,485"
UZ01Z,170,Data Invalid for Grouping,.,.,.,.,.,.,.,.,.,.,.,.,"3,864",.,.,.,.,"3,864"
UZ01Z,172,Data Invalid for Grouping,.,.,.,.,.,.,.,.,.,.,.,.,798,.,.,.,.,798
UZ01Z,180,Data Invalid for Grouping,.,"1,370",.,.,"2,683",.,.,.,.,.,"8,307",.,306,.,.,.,.,"12,666"
UZ01Z,300,Data Invalid for Grouping,"59,170",407,"23,449",454,"1,307","1,205",.,.,.,.,"387,456",.,"1,915",.,"13,056",.,.,"488,417"
UZ01Z,303,Data Invalid for Grouping,"4,440",.,"10,681",.,.,.,.,.,.,.,.,.,.,.,.,.,.,"15,121"
UZ01Z,320,Data Invalid for Grouping,"5,511",422,"1,705",.,"1,155",.,.,.,.,.,"50,723",.,"31,753",.,.,552,.,"91,821"
UZ01Z,340,Data Invalid for Grouping,.,.,930,.,.,.,.,.,.,.,.,.,.,.,.,.,.,930
UZ01Z,361,Data Invalid for Grouping,"7,294",.,"2,816",.,.,.,.,.,.,.,.,.,.,.,.,.,.,"10,110"
UZ01Z,370,Data Invalid for Grouping,.,.,"9,198",.,.,.,.,.,.,.,.,.,.,.,.,.,.,"9,198"
UZ01Z,400,Data Invalid for Grouping,.,.,.,.,.,.,.,.,.,.,.,.,799,.,.,.,.,799
UZ01Z,410,Data Invalid for Grouping,.,.,.,.,.,.,.,685,.,.,.,.,.,.,.,.,.,685
UZ01Z,420,Data Invalid for Grouping,"34,301",.,.,"1,440",867,"2,934",.,.,.,.,.,.,752,.,"8,001",.,.,"48,297"
UZ01Z,430,Data Invalid for Grouping,"2,210",370,"6,981",.,.,.,.,.,.,.,"39,155",.,"1,307",.,"1,288",.,.,"51,311"
UZ01Z,501,Data Invalid for Grouping,"9,254","1,910",.,.,"17,842","8,102",.,.,.,.,"80,342",.,"108,186",.,823,.,"2,921","229,381"
UZ01Z,502,Data Invalid for Grouping,"2,947",.,569,.,"2,189",363,.,.,.,.,.,.,.,.,.,.,.,"6,068"
VA10A,100,"Multiple Trauma with Diagnosis Score <=23, with No Interventions","5,709","3,164",.,"4,580","9,849","5,929",.,.,.,.,"1,576",.,"5,045",.,"2,589",.,"4,529","42,970"
VA10A,101,"Multiple Trauma with Diagnosis Score <=23, with No Interventions",.,.,675,.,.,.,.,.,.,.,.,.,.,.,.,.,.,675
VA10A,110,"Multiple Trauma with Diagnosis Score <=23, with No Interventions","8,310",.,.,.,"4,484",.,.,.,.,.,.,.,"4,512",.,.,.,"1,601","18,908"
VA10A,160,"Multiple Trauma with Diagnosis Score <=23, with No Interventions",.,.,.,.,.,.,.,.,.,.,.,.,.,.,.,.,"1,885","1,885"
VA10A,171,"Multiple Trauma with Diagnosis Score <=23, with No Interventions",.,.,.,.,.,.,.,.,.,.,.,.,"1,627",.,.,.,.,"1,627"
VA10A,172,"Multiple Trauma with Diagnosis Score <=23, with No Interventions",.,.,.,.,.,.,.,.,.,.,.,.,798,.,.,.,.,798
VA10A,180,"Multiple Trauma with Diagnosis Score <=23, with No Interventions",.,"23,750",.,.,"27,722",.,.,.,.,.,"1,796",.,"19,895",.,.,.,.,"73,164"
VA10A,300,"Multiple Trauma with Diagnosis Score <=23, with No Interventions",438,"4,473",.,907,327,603,.,.,.,.,.,.,"9,266",.,502,.,"3,755","20,271"
VA10A,320,"Multiple Trauma with Diagnosis Score <=23, with No Interventions",.,.,.,.,.,.,.,.,.,.,453,.,.,.,.,.,.,453
VA10A,420,"Multiple Trauma with Diagnosis Score <=23, with No Interventions",.,609,.,720,.,.,.,.,.,.,.,.,.,.,.,.,"1,623","2,953"
VA10A,430,"Multiple Trauma with Diagnosis Score <=23, with No Interventions",.,"3,334",.,.,.,352,.,.,.,.,.,.,"9,805",.,.,.,.,"13,490"
VA10A,501,"Multiple Trauma with Diagnosis Score <=23, with No Interventions",.,.,.,.,939,"1,013",.,.,.,.,.,.,.,.,.,.,.,"1,952"
VA10B,100,"Multiple Trauma with Diagnosis Score 24-32, with No Interventions","1,370","4,286",.,"2,863","3,066","11,944",.,.,.,.,"1,051",.,"2,328",.,.,.,455,"27,364"
VA10B,110,"Multiple Trauma with Diagnosis Score 24-32, with No Interventions","3,636",.,.,.,"1,121",.,.,608,.,.,.,.,"1,223",.,.,.,"2,002","8,590"
VA10B,171,"Multiple Trauma with Diagnosis Score 24-32, with No Interventions",.,.,.,.,.,.,.,.,.,.,.,.,814,.,.,.,.,814
VA10B,172,"Multiple Trauma with Diagnosis Score 24-32, with No Interventions",.,.,.,.,.,.,.,.,.,.,.,.,798,.,.,.,.,798
VA10B,180,"Multiple Trauma with Diagnosis Score 24-32, with No Interventions",.,"1,827",.,.,"4,471",.,.,.,.,.,.,.,"1,530",.,.,.,.,"7,829"
VA10B,300,"Multiple Trauma with Diagnosis Score 24-32, with No Interventions",438,"2,033",.,.,"1,307",301,528,.,376,.,"1,160",.,"5,405",.,.,.,"3,301","14,849"
VA10B,420,"Multiple Trauma with Diagnosis Score 24-32, with No Interventions",762,.,.,.,.,.,.,.,.,.,.,.,.,.,.,.,.,762
VA10B,430,"Multiple Trauma with Diagnosis Score 24-32, with No Interventions",.,"1,852",.,.,725,352,.,.,.,.,388,.,654,.,.,.,.,"3,970"
VA10C,100,"Multiple Trauma with Diagnosis Score 33-50, with No Interventions","3,882",452,.,573,"2,628","13,540",.,.,.,.,.,.,"1,552",.,"1,941",.,.,"24,569"
VA10C,110,"Multiple Trauma with Diagnosis Score 33-50, with No Interventions","3,712",.,.,.,"1,868",.,.,.,.,.,.,.,"9,977",.,.,.,801,"16,358"
VA10C,172,"Multiple Trauma with Diagnosis Score 33-50, with No Interventions",.,.,.,.,.,.,.,.,.,.,.,.,"4,464",.,.,.,.,"4,464"
VA10C,180,"Multiple Trauma with Diagnosis Score 33-50, with No Interventions",.,"1,827",.,.,"1,789",.,.,.,.,.,.,.,306,.,.,.,.,"3,922"
VA10C,300,"Multiple Trauma with Diagnosis Score 33-50, with No Interventions",877,"4,066",.,.,"4,575",.,.,.,"2,512",.,387,.,"6,934",.,502,.,"10,637","30,489"
VA10C,301,"Multiple Trauma with Diagnosis Score 33-50, with No Interventions",.,374,.,.,.,.,.,.,.,.,.,.,.,.,.,.,.,374
VA10C,320,"Multiple Trauma with Diagnosis Score 33-50, with No Interventions",.,845,.,.,.,.,.,.,.,.,.,.,.,.,.,.,.,845
VA10C,361,"Multiple Trauma with Diagnosis Score 33-50, with No Interventions",.,884,.,.,.,.,.,.,.,.,.,.,.,.,.,.,.,884
VA10C,430,"Multiple Trauma with Diagnosis Score 33-50, with No Interventions",.,"1,482",.,.,"1,813",.,.,.,.,.,.,.,"5,229",.,.,.,298,"8,822"
VA10D,100,"Multiple Trauma with Diagnosis Score >=51, with No Interventions",.,452,.,.,"5,986",791,.,.,.,.,.,.,.,.,.,.,.,"7,229"
VA10D,110,"Multiple Trauma with Diagnosis Score >=51, with No Interventions",519,.,.,.,"3,842",.,.,.,.,.,.,.,"2,447",.,.,.,400,"7,208"
VA10D,171,"Multiple Trauma with Diagnosis Score >=51, with No Interventions",.,.,.,.,.,.,.,.,.,.,.,.,814,.,.,.,.,814
VA10D,300,"Multiple Trauma with Diagnosis Score >=51, with No Interventions",877,"1,220",.,907,327,.,.,.,376,.,.,.,386,.,502,.,"4,768","9,363"
VA10D,320,"Multiple Trauma with Diagnosis Score >=51, with No Interventions",.,.,.,547,.,.,.,.,.,.,.,.,.,.,.,.,.,547
VA11A,100,"Multiple Trauma with Diagnosis Score <=23, with Intervention Score 1-8",.,.,.,.,"5,096","3,541",.,.,.,.,.,.,.,.,.,.,.,"8,637"
VA11A,110,"Multiple Trauma with Diagnosis Score <=23, with Intervention Score 1-8",.,.,.,.,"4,514",.,.,.,.,.,.,.,"1,244",.,.,.,"1,650","7,407"
VA11A,140,"Multiple Trauma with Diagnosis Score <=23, with Intervention Score 1-8",.,.,.,.,.,.,.,.,.,.,.,.,.,.,.,.,"1,281","1,281"
VA11A,160,"Multiple Trauma with Diagnosis Score <=23, with Intervention Score 1-8",.,.,.,.,.,.,.,.,.,.,.,.,.,.,.,.,"1,169","1,169"
VA11A,180,"Multiple Trauma with Diagnosis Score <=23, with Intervention Score 1-8",.,.,.,.,894,.,.,.,.,.,356,.,.,.,.,.,.,"1,250"
VA11B,110,"Multiple Trauma with Diagnosis Score 24-32, with Intervention Score 1-8",.,.,.,.,.,.,.,.,.,.,.,.,"3,416",.,.,.,.,"3,416"
VA11B,160,"Multiple Trauma with Diagnosis Score 24-32, with Intervention Score 1-8",.,.,.,.,.,.,.,.,.,.,.,.,.,.,.,.,"1,395","1,395"
VA11B,300,"Multiple Trauma with Diagnosis Score 24-32, with Intervention Score 1-8",.,.,.,.,.,.,.,.,"1,686",.,.,.,.,.,.,.,.,"1,686"
VA11C,110,"Multiple Trauma with Diagnosis Score 33-50, with Intervention Score 1-8",.,.,.,.,.,.,.,.,.,.,.,.,.,.,.,.,"1,233","1,233"
VA11C,300,"Multiple Trauma with Diagnosis Score 33-50, with Intervention Score 1-8",.,.,.,.,.,.,.,.,.,.,.,.,.,.,.,.,972,972
VA11D,172,"Multiple Trauma with Diagnosis Score >=51, with Intervention Score 1-8",.,.,.,.,.,.,.,.,.,.,.,.,716,.,.,.,.,716
VA11D,300,"Multiple Trauma with Diagnosis Score >=51, with Intervention Score 1-8",.,407,.,.,.,.,.,.,.,.,.,.,.,.,.,.,.,407
VA12A,100,"Multiple Trauma with Diagnosis Score <=23, with Intervention Score 9-18",.,452,.,.,"4,213","3,999",.,.,.,.,.,.,.,.,.,.,.,"8,664"
VA12A,110,"Multiple Trauma with Diagnosis Score <=23, with Intervention Score 9-18","7,734",.,.,.,"5,302",.,.,.,.,.,.,.,"11,504",.,.,.,"3,383","27,923"
VA12B,100,"Multiple Trauma with Diagnosis Score 24-32, with Intervention Score 9-18",.,.,.,.,.,.,.,.,.,.,.,.,"2,997",.,.,.,.,"2,997"
VA12B,110,"Multiple Trauma with Diagnosis Score 24-32, with Intervention Score 9-18","3,331",.,.,.,"4,654",.,.,.,.,.,.,.,"8,032",.,.,.,.,"16,017"
VA12B,150,"Multiple Trauma with Diagnosis Score 24-32, with Intervention Score 9-18",.,.,.,.,.,.,.,.,.,.,.,.,"6,503",.,.,.,.,"6,503"
VA12B,160,"Multiple Trauma with Diagnosis Score 24-32, with Intervention Score 9-18",.,.,.,.,.,.,.,.,.,.,.,.,.,.,.,.,"3,242","3,242"
VA12B,170,"Multiple Trauma with Diagnosis Score 24-32, with Intervention Score 9-18",.,.,.,.,.,.,.,.,.,.,.,.,"1,633",.,.,.,.,"1,633"
VA12C,100,"Multiple Trauma with Diagnosis Score 33-50, with Intervention Score 9-18",.,.,.,.,"3,664","4,914",.,.,.,.,.,.,.,.,.,.,.,"8,577"
VA12C,110,"Multiple Trauma with Diagnosis Score 33-50, with Intervention Score 9-18","3,331",.,.,.,.,.,.,.,.,.,.,.,.,.,.,.,.,"3,331"
VA12C,140,"Multiple Trauma with Diagnosis Score 33-50, with Intervention Score 9-18",.,.,.,.,.,.,.,.,.,.,.,.,.,.,.,.,"1,962","1,962"
VA12C,150,"Multiple Trauma with Diagnosis Score 33-50, with Intervention Score 9-18",.,.,.,.,.,.,.,.,.,.,.,.,"4,369",.,.,.,.,"4,369"
VA12C,300,"Multiple Trauma with Diagnosis Score 33-50, with Intervention Score 9-18",.,.,.,.,.,.,.,.,.,.,.,.,.,.,.,.,"1,048","1,048"
VA13A,100,"Multiple Trauma with Diagnosis Score <=23, with Intervention Score 19-29",.,.,.,.,"8,181",.,.,.,.,.,"1,141",.,.,.,.,.,.,"9,322"
VA13A,110,"Multiple Trauma with Diagnosis Score <=23, with Intervention Score 19-29",.,.,.,.,.,.,.,.,.,.,.,.,.,.,.,.,"1,547","1,547"
VA13A,140,"Multiple Trauma with Diagnosis Score <=23, with Intervention Score 19-29",.,.,.,.,.,.,.,.,.,.,.,.,.,.,.,.,"1,508","1,508"
VA13B,100,"Multiple Trauma with Diagnosis Score 24-32, with Intervention Score 19-29",.,.,.,.,.,.,.,.,.,.,.,.,"4,135",.,.,.,.,"4,135"
VA13B,110,"Multiple Trauma with Diagnosis Score 24-32, with Intervention Score 19-29",.,.,.,.,.,.,.,.,.,.,.,.,"15,566",.,.,.,.,"15,566"
VA13B,160,"Multiple Trauma with Diagnosis Score 24-32, with Intervention Score 19-29",.,.,.,.,.,.,.,.,.,.,.,.,.,.,.,.,"1,847","1,847"
VA13C,100,"Multiple Trauma with Diagnosis Score 33-50, with Intervention Score 19-29",.,.,.,.,.,.,.,.,.,.,.,.,.,.,.,.,"3,907","3,907"
VA13C,110,"Multiple Trauma with Diagnosis Score 33-50, with Intervention Score 19-29",.,.,.,.,.,.,.,.,.,.,.,.,"13,381",.,.,.,"2,066","15,447"
VA13C,150,"Multiple Trauma with Diagnosis Score 33-50, with Intervention Score 19-29",.,.,.,.,.,.,.,.,.,.,.,.,"9,339",.,.,.,.,"9,339"
VA13D,100,"Multiple Trauma with Diagnosis Score >=51, with Intervention Score 19-29",.,.,.,.,.,.,.,.,.,.,.,.,"5,095",.,.,.,.,"5,095"
VA13D,110,"Multiple Trauma with Diagnosis Score >=51, with Intervention Score 19-29","1,859",.,.,.,.,.,.,.,.,.,.,.,"15,591",.,.,.,.,"17,449"
VA13D,172,"Multiple Trauma with Diagnosis Score >=51, with Intervention Score 19-29",.,.,.,.,.,.,.,.,.,.,.,.,"5,067",.,.,.,.,"5,067"
VA14C,100,"Multiple Trauma with Diagnosis Score 33-50, with Intervention Score 30-44",.,.,.,.,.,.,.,.,.,.,.,.,.,.,.,.,"1,332","1,332"
VA15C,140,"Multiple Trauma with Diagnosis Score 33-50, with Intervention Score >=45",.,.,.,.,.,.,.,.,.,.,.,.,.,.,.,.,"2,190","2,190"
VA15D,100,"Multiple Trauma with Diagnosis Score >=51, with Intervention Score >=45","1,598",.,.,.,.,.,.,.,.,.,.,.,.,.,.,.,.,"1,598"
WA01Y,300,"Manifestations of HIV or AIDS, with CC Score of 0",.,.,.,.,.,.,.,.,.,.,.,.,772,.,.,.,.,772
WA02Z,180,Disorders of Immunity without HIV or AIDS,.,.,.,.,.,.,.,.,.,.,.,.,306,.,.,.,.,306
WA02Z,300,Disorders of Immunity without HIV or AIDS,"1,315",813,.,.,.,.,.,.,.,.,.,.,.,.,"1,004",.,.,"3,132"
WA02Z,430,Disorders of Immunity without HIV or AIDS,.,370,.,.,.,.,.,.,.,.,.,.,.,.,.,.,.,370
WA03A,300,Septicaemia with CC Score 4+,.,407,.,.,.,.,.,.,.,.,.,.,.,.,"1,004",.,.,"1,411"
WA03A,301,Septicaemia with CC Score 4+,.,374,.,.,.,.,.,.,.,.,.,.,.,.,.,.,.,374
WA03A,340,Septicaemia with CC Score 4+,.,.,465,.,.,.,.,.,.,.,.,.,.,.,.,.,.,465
WA03A,430,Septicaemia with CC Score 4+,.,.,499,.,.,.,.,.,.,.,.,.,.,.,.,.,.,499
WA03B,100,Septicaemia with CC Score 2-3,457,.,.,.,876,.,.,.,.,.,.,.,.,.,.,.,.,"1,333"
WA03B,101,Septicaemia with CC Score 2-3,.,.,"1,350",.,.,.,.,.,.,.,.,.,.,.,.,.,.,"1,350"
WA03B,300,Septicaemia with CC Score 2-3,"2,191","4,879",404,907,"1,961",.,.,.,.,.,773,.,"6,564",.,"3,515",.,"12,471","33,665"
WA03B,301,Septicaemia with CC Score 2-3,.,374,.,.,.,.,.,.,.,.,.,.,.,.,.,.,.,374
WA03B,340,Septicaemia with CC Score 2-3,.,.,.,.,.,.,.,.,.,.,.,.,932,.,.,.,.,932
WA03B,360,Septicaemia with CC Score 2-3,.,.,.,.,.,.,.,.,.,.,.,.,"1,317",.,.,.,.,"1,317"
WA03B,361,Septicaemia with CC Score 2-3,.,.,"2,816",.,.,.,.,.,.,.,.,.,.,.,.,.,.,"2,816"
WA03B,370,Septicaemia with CC Score 2-3,.,.,708,.,.,.,.,.,.,.,.,.,.,.,.,.,.,708
WA03B,430,Septicaemia with CC Score 2-3,.,741,.,.,"1,088",.,.,.,.,.,.,.,"1,307",.,.,.,298,"3,434"
WA03C,100,Septicaemia with CC Score 0-1,"1,370","1,793",.,.,"1,752","2,372",.,.,.,.,"2,270",.,"2,328",.,647,.,455,"12,987"
WA03C,101,Septicaemia with CC Score 0-1,.,.,675,.,.,.,.,.,.,.,.,.,.,.,.,.,.,675
WA03C,110,Septicaemia with CC Score 0-1,.,.,.,.,374,.,.,.,.,.,.,.,.,.,.,.,.,374
WA03C,180,Septicaemia with CC Score 0-1,.,457,.,.,.,.,.,.,.,.,.,.,306,.,.,.,.,763
WA03C,300,Septicaemia with CC Score 0-1,"13,587","35,375","2,828","1,361","7,842","3,013","1,583",.,"3,006",.,"11,515",.,"44,788",.,"9,541",.,"29,710","164,148"
WA03C,301,Septicaemia with CC Score 0-1,.,"1,869",.,.,.,.,.,.,.,.,.,.,.,.,.,.,.,"1,869"
WA03C,303,Septicaemia with CC Score 0-1,555,"1,429","2,136",.,.,.,.,.,.,.,.,.,.,.,.,.,.,"4,120"
WA03C,320,Septicaemia with CC Score 0-1,689,422,.,.,770,.,.,.,.,.,.,.,"1,221",.,799,.,.,"3,902"
WA03C,340,Septicaemia with CC Score 0-1,.,.,392,.,.,.,.,.,.,.,.,.,"1,398",.,.,.,.,"1,790"
WA03C,361,Septicaemia with CC Score 0-1,.,.,"2,816",.,.,"2,456",.,.,.,.,.,.,.,.,.,.,.,"5,272"
WA03C,370,Septicaemia with CC Score 0-1,.,.,"5,607",.,.,.,.,.,.,.,.,.,.,.,.,.,.,"5,607"
WA03C,430,Septicaemia with CC Score 0-1,737,"3,704",997,.,"1,450",.,.,.,.,.,775,.,"11,112",.,.,.,298,"19,074"
WA03C,502,Septicaemia with CC Score 0-1,.,.,.,.,.,.,.,.,.,.,.,.,.,.,.,.,544,544
WA03C,823,Septicaemia with CC Score 0-1,.,.,.,.,659,.,.,.,.,.,.,.,.,.,.,.,.,659
WA04Z,100,Acute Febrile Illness with length of stay 4 days or less,914,.,.,.,.,395,.,.,.,.,.,.,"1,552",.,.,.,455,"3,316"
WA04Z,110,Acute Febrile Illness with length of stay 4 days or less,519,.,.,.,.,.,.,.,.,.,.,.,.,.,.,.,.,519
WA04Z,180,Acute Febrile Illness with length of stay 4 days or less,.,.,.,.,"1,789",.,.,.,.,.,.,.,306,.,.,.,.,"2,095"
WA04Z,300,Acute Febrile Illness with length of stay 4 days or less,"18,847","18,297","2,020",.,"3,268",301,"1,055",.,752,.,"1,107",.,"5,792",.,"5,524",.,"13,938","70,900"
WA04Z,301,Acute Febrile Illness with length of stay 4 days or less,.,374,.,.,.,.,.,.,.,.,.,.,.,.,.,.,.,374
WA04Z,303,Acute Febrile Illness with length of stay 4 days or less,"1,110",714,.,.,.,.,.,.,.,.,.,.,.,.,.,.,.,"1,824"
WA04Z,320,Acute Febrile Illness with length of stay 4 days or less,.,.,.,.,.,.,.,.,.,.,.,.,.,.,.,552,.,552
WA04Z,340,Acute Febrile Illness with length of stay 4 days or less,.,.,465,.,.,.,.,.,.,.,.,.,.,.,.,.,.,465
WA04Z,430,Acute Febrile Illness with length of stay 4 days or less,.,.,.,.,.,.,.,.,.,.,.,.,654,.,.,.,.,654
WA04Z,501,Acute Febrile Illness with length of stay 4 days or less,.,.,.,.,.,.,"1,477",.,.,.,.,.,.,.,.,.,.,"1,477"
WA06A,180,Other Viral Illness with CC Score 2+,.,.,.,.,.,.,.,.,.,.,.,.,306,.,.,.,.,306
WA06A,300,Other Viral Illness with CC Score 2+,438,"1,220",.,.,.,.,.,.,752,.,305,.,"2,703",.,.,.,.,"5,418"
WA06A,430,Other Viral Illness with CC Score 2+,.,.,.,.,.,.,.,.,.,.,.,.,"1,307",.,.,.,.,"1,307"
WA06B,100,Other Viral Illness with CC Score 1,457,.,.,.,.,.,.,.,.,.,.,.,388,.,.,.,.,845
WA06B,180,Other Viral Illness with CC Score 1,.,457,.,.,.,.,.,.,.,.,.,.,.,.,.,.,.,457
WA06B,300,Other Viral Illness with CC Score 1,"4,383","4,879",404,.,"1,634",301,.,.,376,.,"2,572",.,"4,247",.,"3,515",.,"5,135","27,446"
WA06B,301,Other Viral Illness with CC Score 1,.,374,.,.,.,.,.,.,.,.,.,.,.,.,.,.,.,374
WA06B,303,Other Viral Illness with CC Score 1,555,.,.,.,.,.,.,.,.,.,.,.,.,.,.,.,.,555
WA06B,320,Other Viral Illness with CC Score 1,.,.,.,.,.,.,.,.,.,.,.,.,611,.,.,.,.,611
WA06B,340,Other Viral Illness with CC Score 1,.,.,.,.,.,.,.,.,.,.,.,.,466,.,.,.,.,466
WA06B,430,Other Viral Illness with CC Score 1,.,370,.,.,.,.,.,.,.,.,.,.,654,.,.,.,.,"1,024"
WA06C,100,Other Viral Illness with CC Score 0,.,452,.,573,.,.,.,.,.,.,.,.,"1,552",.,.,.,455,"3,031"
WA06C,120,Other Viral Illness with CC Score 0,540,450,.,.,378,.,.,.,.,.,.,.,.,.,.,.,.,"1,367"
WA06C,140,Other Viral Illness with CC Score 0,.,.,.,.,.,.,.,.,.,.,.,.,.,.,.,.,599,599
WA06C,180,Other Viral Illness with CC Score 0,.,913,.,.,"1,789",.,.,.,.,.,898,.,"1,530",.,.,.,.,"5,130"
WA06C,300,Other Viral Illness with CC Score 0,"17,094","15,451","1,212","2,721","4,248","4,519","1,583",.,"4,885",.,"9,272",.,"31,660",.,"10,545",.,"22,374","125,565"
WA06C,301,Other Viral Illness with CC Score 0,.,748,.,.,.,.,.,.,.,.,.,.,.,.,.,.,.,748
WA06C,302,Other Viral Illness with CC Score 0,.,.,.,.,.,.,.,.,.,.,.,.,488,.,.,.,.,488
WA06C,303,Other Viral Illness with CC Score 0,"1,110",.,.,.,.,.,.,.,.,.,.,.,.,.,.,.,.,"1,110"
WA06C,320,Other Viral Illness with CC Score 0,689,"1,689",568,"1,094",.,716,"1,402",.,.,.,"1,359",.,611,.,.,.,.,"8,127"
WA06C,340,Other Viral Illness with CC Score 0,.,.,.,.,.,.,.,.,.,.,.,.,"1,398",.,.,.,.,"1,398"
WA06C,350,Other Viral Illness with CC Score 0,.,.,.,.,.,.,.,.,.,.,.,.,"3,105",.,.,.,.,"3,105"
WA06C,361,Other Viral Illness with CC Score 0,.,.,.,.,.,409,.,.,.,.,.,.,.,.,.,.,.,409
WA06C,430,Other Viral Illness with CC Score 0,368,"1,482",.,.,363,.,.,.,.,.,775,.,.,.,644,.,.,"3,632"
WA06C,502,Other Viral Illness with CC Score 0,.,.,.,794,"1,459",.,.,.,.,.,.,.,.,.,.,.,.,"2,254"
WA07Z,300,Complex Infectious Diseases,438,.,.,.,.,.,.,.,.,.,.,.,772,.,.,.,.,"1,211"
WA07Z,430,Complex Infectious Diseases,.,.,.,.,.,.,.,.,.,.,.,.,654,.,.,.,.,654
WA08Z,100,Malaria,.,.,.,.,.,.,.,.,.,.,.,.,388,.,.,.,.,388
WA08Z,300,Malaria,438,.,.,.,.,603,.,.,.,.,.,.,"2,317",.,.,.,.,"3,357"
WA08Z,350,Malaria,.,.,.,.,.,.,.,.,.,.,.,.,"3,105",.,.,.,.,"3,105"
WA09A,300,Other Non-Viral Infections with CC Score 3+,.,.,.,.,.,.,.,.,.,.,334,.,386,.,.,.,"1,100","1,821"
WA09A,361,Other Non-Viral Infections with CC Score 3+,.,442,.,.,.,.,.,.,.,.,.,.,.,.,.,.,.,442
WA09B,180,Other Non-Viral Infections with CC Score 1-2,.,.,.,.,.,.,.,.,.,.,.,.,306,.,.,.,.,306
WA09B,300,Other Non-Viral Infections with CC Score 1-2,877,407,.,.,.,.,.,.,376,.,668,.,"1,158",.,"1,506",.,"1,467","6,459"
WA09B,301,Other Non-Viral Infections with CC Score 1-2,.,748,.,.,.,.,.,.,.,.,.,.,.,.,.,.,.,748
WA09B,361,Other Non-Viral Infections with CC Score 1-2,.,.,.,.,.,.,.,.,.,.,.,.,.,.,.,.,383,383
WA09B,370,Other Non-Viral Infections with CC Score 1-2,.,.,"1,415",.,.,.,.,.,.,.,.,.,.,.,.,.,.,"1,415"
WA09B,430,Other Non-Viral Infections with CC Score 1-2,.,370,.,.,.,.,.,.,.,.,388,.,.,.,644,.,.,"1,402"
WA09C,100,Other Non-Viral Infections with CC Score 0,.,.,.,.,.,395,.,.,.,.,525,.,388,.,.,.,.,"1,309"
WA09C,300,Other Non-Viral Infections with CC Score 0,"2,191",813,404,.,327,603,.,.,376,.,692,.,772,.,502,.,"6,235","12,915"
WA09C,303,Other Non-Viral Infections with CC Score 0,555,.,.,.,.,.,.,.,.,.,.,.,.,.,.,.,.,555
WA09C,320,Other Non-Viral Infections with CC Score 0,.,.,.,.,.,.,.,.,.,.,453,.,.,.,.,.,.,453
WA09C,361,Other Non-Viral Infections with CC Score 0,.,.,.,.,.,819,.,.,.,.,.,.,.,.,.,.,.,819
WA09C,430,Other Non-Viral Infections with CC Score 0,.,.,.,.,.,.,.,.,.,.,388,.,.,.,.,.,.,388
WA10Z,110,Other Infections (Genito-Urinary Medicine),.,.,.,.,.,.,.,.,.,.,.,.,612,.,.,.,.,612
WA10Z,501,Other Infections (Genito-Urinary Medicine),.,.,.,.,.,.,.,.,.,.,.,.,.,.,.,.,730,730
WA11A,300,"Poisoning, Toxic, Environmental or Unspecified Effects, with CC Score 4+",438,.,.,.,.,.,.,.,.,.,692,.,.,.,.,.,"1,100","2,231"
WA11A,430,"Poisoning, Toxic, Environmental or Unspecified Effects, with CC Score 4+",.,.,.,.,.,.,.,.,.,.,388,.,.,.,.,.,.,388
WA11B,100,"Poisoning, Toxic, Environmental or Unspecified Effects, with CC Score 2-3",.,.,.,.,.,.,.,.,.,.,.,.,776,.,.,.,.,776
WA11B,180,"Poisoning, Toxic, Environmental or Unspecified Effects, with CC Score 2-3",.,457,.,.,"3,577",.,.,.,.,.,225,.,"1,836",.,.,.,.,"6,095"
WA11B,300,"Poisoning, Toxic, Environmental or Unspecified Effects, with CC Score 2-3","11,396","10,572","3,603","3,629","3,268","3,013","3,165",.,"2,952",.,"8,217",.,"15,830",.,"9,039",.,"8,803","83,485"
WA11B,301,"Poisoning, Toxic, Environmental or Unspecified Effects, with CC Score 2-3",.,"1,121",.,.,.,.,.,.,.,.,.,.,.,.,.,.,.,"1,121"
WA11B,320,"Poisoning, Toxic, Environmental or Unspecified Effects, with CC Score 2-3",.,422,.,547,.,716,.,.,.,.,.,.,.,.,.,.,.,"1,685"
WA11B,340,"Poisoning, Toxic, Environmental or Unspecified Effects, with CC Score 2-3",.,.,.,.,.,.,.,.,.,.,.,.,466,.,.,.,.,466
WA11C,100,"Poisoning, Toxic, Environmental or Unspecified Effects, with CC Score 0-1",914,452,.,573,.,"1,581",.,.,.,.,525,.,776,.,647,.,.,"5,468"
WA11C,101,"Poisoning, Toxic, Environmental or Unspecified Effects, with CC Score 0-1",.,.,.,657,.,.,.,.,.,.,.,.,.,.,.,.,.,657
WA11C,180,"Poisoning, Toxic, Environmental or Unspecified Effects, with CC Score 0-1",.,"134,280",.,.,"131,458",.,.,.,.,.,"21,103",.,"160,692",.,.,.,.,"447,533"
WA11C,300,"Poisoning, Toxic, Environmental or Unspecified Effects, with CC Score 0-1","161,732","160,204","20,691","55,337","87,572","53,931","27,958",.,"30,906",.,"152,673",.,"159,802",.,"95,910",.,"83,628","1,090,342"
WA11C,301,"Poisoning, Toxic, Environmental or Unspecified Effects, with CC Score 0-1",.,"3,364",.,.,.,.,.,.,.,.,.,.,.,.,.,.,.,"3,364"
WA11C,302,"Poisoning, Toxic, Environmental or Unspecified Effects, with CC Score 0-1",.,.,.,.,.,.,.,.,.,.,.,.,"2,442",.,.,.,.,"2,442"
WA11C,320,"Poisoning, Toxic, Environmental or Unspecified Effects, with CC Score 0-1",689,"2,111",.,"7,657",385,"2,506",.,.,.,.,"1,359",.,.,.,.,"1,104",.,"15,811"
WA11C,340,"Poisoning, Toxic, Environmental or Unspecified Effects, with CC Score 0-1",.,.,"1,602",.,.,714,.,.,.,.,.,.,932,.,.,.,.,"3,248"
WA11C,361,"Poisoning, Toxic, Environmental or Unspecified Effects, with CC Score 0-1",.,442,.,.,.,.,.,.,.,.,.,.,.,.,.,.,.,442
WA11C,370,"Poisoning, Toxic, Environmental or Unspecified Effects, with CC Score 0-1",.,.,"1,415",.,.,.,.,.,.,.,.,.,.,.,.,.,.,"1,415"
WA11C,400,"Poisoning, Toxic, Environmental or Unspecified Effects, with CC Score 0-1",.,.,.,.,.,.,.,.,.,.,.,.,799,.,.,.,.,799
WA11C,430,"Poisoning, Toxic, Environmental or Unspecified Effects, with CC Score 0-1",.,"9,631",997,.,"1,088",.,.,.,.,.,"17,972",.,"7,734",.,"3,219",.,298,"40,939"
WA12A,100,"Complications of Procedures, with CC Score 3+",457,452,.,.,.,.,.,.,.,.,.,.,.,.,.,.,.,909
WA12A,110,"Complications of Procedures, with CC Score 3+",.,.,.,.,374,.,.,608,.,.,.,.,.,.,.,.,.,982
WA12A,300,"Complications of Procedures, with CC Score 3+",.,.,.,.,327,.,.,.,.,.,.,.,.,.,.,.,"1,100","1,427"
WA12B,100,"Complications of Procedures, with CC Score 2",457,.,.,.,438,395,.,.,.,.,.,.,"1,498",.,.,.,.,"2,788"
WA12B,110,"Complications of Procedures, with CC Score 2",.,.,.,.,374,.,.,"1,216",.,.,.,.,.,.,.,.,.,"1,589"
WA12B,300,"Complications of Procedures, with CC Score 2",.,813,404,.,327,.,528,.,.,.,.,.,.,.,.,.,734,"2,805"
WA12B,361,"Complications of Procedures, with CC Score 2",.,.,.,.,.,"1,228",.,.,.,.,.,.,.,.,.,.,.,"1,228"
WA12C,100,"Complications of Procedures, with CC Score 1","3,655","1,808","2,110","1,145","6,967",395,.,.,.,.,.,.,"4,656",.,"3,236",.,"3,182","27,154"
WA12C,101,"Complications of Procedures, with CC Score 1","1,695",.,.,.,420,.,.,.,.,.,.,.,.,.,.,.,.,"2,114"
WA12C,110,"Complications of Procedures, with CC Score 1","2,597",.,.,.,"1,868",.,.,"1,474",.,.,.,.,.,.,.,.,400,"6,340"
WA12C,120,"Complications of Procedures, with CC Score 1",540,.,.,.,.,.,.,.,.,.,.,.,512,.,.,.,.,"1,052"
WA12C,130,"Complications of Procedures, with CC Score 1",103,.,.,.,.,.,.,.,.,.,.,.,.,.,.,.,.,103
WA12C,160,"Complications of Procedures, with CC Score 1",.,.,.,.,.,.,.,.,.,.,.,.,664,.,.,.,.,664
WA12C,180,"Complications of Procedures, with CC Score 1",.,913,.,.,.,.,.,.,.,.,.,.,.,.,.,.,.,913
WA12C,300,"Complications of Procedures, with CC Score 1","1,315","2,440","1,212",454,.,.,528,.,.,.,305,.,386,.,502,.,"2,934","10,076"
WA12C,320,"Complications of Procedures, with CC Score 1",689,.,.,.,.,.,.,.,.,.,.,.,.,.,.,.,.,689
WA12C,350,"Complications of Procedures, with CC Score 1",.,.,.,.,.,.,.,.,.,.,.,.,"1,035",.,.,.,.,"1,035"
WA12C,361,"Complications of Procedures, with CC Score 1",.,.,704,.,.,.,.,.,.,.,.,.,.,.,.,.,.,704
WA12C,502,"Complications of Procedures, with CC Score 1",.,.,.,.,.,.,.,.,.,.,.,.,.,.,676,.,"1,632","2,308"
WA12D,100,"Complications of Procedures, with CC Score 0","15,989","7,231",650,"10,107","13,142","1,976",.,.,.,.,"1,576",.,"15,134",.,"10,354",.,"11,818","87,977"
WA12D,101,"Complications of Procedures, with CC Score 0","1,130",.,"3,491","1,971","1,259",.,.,.,.,.,.,.,.,.,.,.,"1,540","9,391"
WA12D,110,"Complications of Procedures, with CC Score 0","5,194",.,.,.,"1,121",.,.,"2,404",.,.,.,.,.,.,.,.,"3,203","11,922"
WA12D,120,"Complications of Procedures, with CC Score 0","15,109","7,195",.,.,"15,873",.,.,.,.,.,.,.,"12,812",.,.,.,.,"50,989"
WA12D,130,"Complications of Procedures, with CC Score 0",.,.,.,.,.,.,.,.,.,.,.,.,"1,873",.,.,.,.,"1,873"
WA12D,140,"Complications of Procedures, with CC Score 0",614,.,.,.,.,.,.,.,.,.,.,.,.,.,.,.,"2,402","3,016"
WA12D,150,"Complications of Procedures, with CC Score 0",.,.,.,.,.,.,.,.,.,.,.,.,953,.,.,.,.,953
WA12D,160,"Complications of Procedures, with CC Score 0",.,.,.,.,.,.,.,.,.,.,.,.,.,.,.,.,980,980
WA12D,172,"Complications of Procedures, with CC Score 0",.,.,.,.,.,.,.,.,.,.,.,.,798,.,.,.,.,798
WA12D,180,"Complications of Procedures, with CC Score 0",.,"1,827",.,.,.,.,.,.,.,.,.,.,918,.,.,.,.,"2,745"
WA12D,300,"Complications of Procedures, with CC Score 0","4,383","1,626","1,212",.,.,.,.,.,.,.,.,.,"1,931",.,.,.,"3,301","12,453"
WA12D,320,"Complications of Procedures, with CC Score 0",.,422,568,.,.,.,.,.,.,.,.,.,611,.,.,.,.,"1,601"
WA12D,361,"Complications of Procedures, with CC Score 0",.,.,"2,816",.,.,409,.,.,.,.,.,.,.,.,.,.,383,"3,608"
WA12D,370,"Complications of Procedures, with CC Score 0",.,.,708,.,.,.,.,.,.,.,.,.,.,.,.,.,.,708
WA12D,430,"Complications of Procedures, with CC Score 0",.,"1,852",499,.,.,.,.,.,.,.,.,.,.,.,.,.,.,"2,351"
WA12D,502,"Complications of Procedures, with CC Score 0","1,179","2,325",569,"1,588","5,740",.,.,.,.,.,.,.,.,.,"2,027",.,"4,896","18,324"
WA14A,100,Procedure Not Carried Out for Medical or Patient Reasons,.,904,.,.,.,395,.,.,.,.,.,.,388,.,647,.,.,"2,334"
WA14A,110,Procedure Not Carried Out for Medical or Patient Reasons,"3,116",.,.,.,747,.,.,608,.,.,.,.,.,.,.,.,.,"4,472"
WA14A,120,Procedure Not Carried Out for Medical or Patient Reasons,540,.,.,.,.,.,.,.,.,.,.,.,.,.,.,.,.,540
WA14A,140,Procedure Not Carried Out for Medical or Patient Reasons,614,.,.,.,.,.,.,.,.,.,.,.,.,.,.,.,"1,796","2,410"
WA14A,160,Procedure Not Carried Out for Medical or Patient Reasons,.,.,.,.,.,.,.,.,.,.,.,.,.,.,.,.,980,980
WA14A,170,Procedure Not Carried Out for Medical or Patient Reasons,.,.,.,.,.,.,.,.,.,.,.,.,644,.,.,.,.,644
WA14A,300,Procedure Not Carried Out for Medical or Patient Reasons,438,"1,626","2,424",.,.,.,528,.,.,.,"1,494",.,772,.,.,.,"1,100","8,382"
WA14A,301,Procedure Not Carried Out for Medical or Patient Reasons,.,748,.,.,.,392,.,.,.,.,.,.,.,.,.,.,.,"1,140"
WA14A,320,Procedure Not Carried Out for Medical or Patient Reasons,689,.,"2,273",.,"1,925",.,.,.,.,.,.,.,"1,832",.,.,552,.,"7,271"
WA14A,361,Procedure Not Carried Out for Medical or Patient Reasons,.,442,704,.,.,.,.,.,.,.,.,.,.,.,.,.,.,"1,146"
WA14A,370,Procedure Not Carried Out for Medical or Patient Reasons,.,.,708,.,.,.,.,.,.,.,.,.,.,.,.,.,.,708
WA14A,410,Procedure Not Carried Out for Medical or Patient Reasons,.,.,.,.,"1,213",.,.,.,.,.,.,.,.,.,.,.,.,"1,213"
WA14A,430,Procedure Not Carried Out for Medical or Patient Reasons,.,.,.,.,.,.,.,.,.,.,.,.,.,.,.,.,298,298
WA14A,501,Procedure Not Carried Out for Medical or Patient Reasons,"1,028",.,.,.,"4,695",.,.,.,.,.,.,.,"1,915",.,.,.,"1,460","9,099"
WA14A,502,Procedure Not Carried Out for Medical or Patient Reasons,.,.,569,794,.,.,.,.,.,.,.,.,.,.,.,.,.,"1,363"
WA14B,100,Procedure Not Carried Out for Other or Unspecified Reasons,914,.,532,.,438,.,.,.,.,.,"1,051",.,"1,210",.,.,.,455,"4,600"
WA14B,101,Procedure Not Carried Out for Other or Unspecified Reasons,.,.,675,657,.,.,.,.,.,.,.,.,.,.,.,.,.,"1,332"
WA14B,110,Procedure Not Carried Out for Other or Unspecified Reasons,"1,558",.,.,.,"6,726",.,.,.,.,.,.,.,"1,893",.,.,.,"1,201","11,378"
WA14B,120,Procedure Not Carried Out for Other or Unspecified Reasons,540,.,.,.,.,.,.,.,.,.,.,.,"14,349",.,.,.,.,"14,889"
WA14B,130,Procedure Not Carried Out for Other or Unspecified Reasons,.,.,.,.,.,.,.,.,.,.,.,.,"4,683",.,.,.,.,"4,683"
WA14B,140,Procedure Not Carried Out for Other or Unspecified Reasons,.,.,.,.,.,.,.,.,.,.,.,.,.,.,.,.,599,599
WA14B,160,Procedure Not Carried Out for Other or Unspecified Reasons,.,.,.,.,.,.,.,.,.,.,.,.,.,.,.,.,"20,096","20,096"
WA14B,170,Procedure Not Carried Out for Other or Unspecified Reasons,.,.,.,.,.,.,.,.,.,.,.,.,"1,288",.,.,.,.,"1,288"
WA14B,300,Procedure Not Carried Out for Other or Unspecified Reasons,877,813,808,"1,361",327,.,.,.,376,.,"1,933",.,386,.,502,.,"2,201","9,583"
WA14B,301,Procedure Not Carried Out for Other or Unspecified Reasons,.,"1,869",.,.,.,.,.,.,.,.,.,.,.,.,.,.,.,"1,869"
WA14B,320,Procedure Not Carried Out for Other or Unspecified Reasons,689,.,"2,273",.,"5,248",.,.,.,.,.,.,.,"4,274",.,.,.,.,"12,485"
WA14B,361,Procedure Not Carried Out for Other or Unspecified Reasons,.,.,"1,471",.,.,.,.,.,.,.,.,.,.,.,.,.,.,"1,471"
WA14B,420,Procedure Not Carried Out for Other or Unspecified Reasons,.,.,.,.,.,.,.,.,.,.,.,433,.,.,.,.,.,433
WA14B,430,Procedure Not Carried Out for Other or Unspecified Reasons,.,.,.,.,363,.,.,.,.,.,.,.,.,.,.,.,.,363
WA14B,501,Procedure Not Carried Out for Other or Unspecified Reasons,.,"4,776",.,.,"15,025","2,026",.,.,.,.,.,.,"7,183",.,.,.,"5,841","34,851"
WA14B,502,Procedure Not Carried Out for Other or Unspecified Reasons,.,.,.,.,.,.,.,.,.,.,.,.,.,.,"1,351",.,544,"1,895"
WA15V,300,Respite Care with length of stay 4 days or less,.,.,.,.,.,.,.,.,.,.,334,.,.,.,.,.,.,334
WA16W,180,"Shock or Anaphylaxis, with CC Score of 1+",.,457,.,.,894,.,.,.,.,.,.,.,.,.,.,.,.,"1,351"
WA16W,300,"Shock or Anaphylaxis, with CC Score of 1+",438,813,.,.,654,301,528,.,.,.,.,.,.,.,502,.,367,"3,603"
WA16Y,180,"Shock or Anaphylaxis, with CC Score of 0",.,"16,442",.,.,"8,048",.,.,.,.,.,449,.,"1,530",.,.,.,.,"26,470"
WA16Y,300,"Shock or Anaphylaxis, with CC Score of 0","3,068","2,846",404,"2,721","2,941","1,808","1,583",.,752,.,"2,076",.,"1,158",.,"3,515",.,"2,568","25,439"
WA16Y,320,"Shock or Anaphylaxis, with CC Score of 0","1,378",422,.,.,.,.,.,.,.,.,.,.,.,.,799,552,.,"3,151"
WA16Y,430,"Shock or Anaphylaxis, with CC Score of 0",.,.,.,.,.,.,.,.,.,.,388,.,.,.,.,.,.,388
WA17A,300,Neoplasm Related Admission with CC Score 3+,.,407,.,.,.,.,.,.,376,.,.,.,.,.,.,.,.,782
WA17A,301,Neoplasm Related Admission with CC Score 3+,.,374,.,.,.,.,.,.,.,.,.,.,.,.,.,.,.,374
WA17B,300,Neoplasm Related Admission with CC Score 2,438,813,.,.,.,.,.,.,376,.,.,.,.,.,.,.,.,"1,627"
WA17B,430,Neoplasm Related Admission with CC Score 2,.,370,.,.,.,.,.,.,.,.,.,.,.,.,.,.,.,370
WA17B,502,Neoplasm Related Admission with CC Score 2,"1,179",.,.,.,.,.,.,.,.,.,.,.,.,.,.,.,.,"1,179"
WA17C,300,Neoplasm Related Admission with CC Score 1,"1,315",.,"1,212",.,.,.,.,.,.,.,.,.,.,.,.,.,.,"2,527"
WA17D,100,Neoplasm Related Admission with CC Score 0,.,.,.,.,.,.,.,.,.,.,.,.,776,.,.,.,.,776
WA17D,180,Neoplasm Related Admission with CC Score 0,.,457,.,.,.,.,.,.,.,.,.,.,.,.,.,.,.,457
WA17D,300,Neoplasm Related Admission with CC Score 0,"1,315",407,"2,020",454,.,.,528,.,376,.,.,.,.,.,.,.,"1,834","6,932"
WA17D,430,Neoplasm Related Admission with CC Score 0,.,.,.,.,.,.,.,.,.,.,.,.,.,.,.,.,298,298
WA18D,180,"Admission for Unexplained Symptoms without Interventions, with CC Score 3-4",.,.,.,.,.,.,.,.,.,.,.,.,306,.,.,.,.,306
WA18D,300,"Admission for Unexplained Symptoms without Interventions, with CC Score 3-4","1,315","1,626","1,212",.,"1,307",.,528,.,.,.,"1,160",.,"1,544",.,"1,004",.,"1,467","11,163"
WA18D,430,"Admission for Unexplained Symptoms without Interventions, with CC Score 3-4",.,741,"1,496",.,.,352,.,.,.,360,388,.,654,.,.,.,.,"3,989"
WA18E,100,"Admission for Unexplained Symptoms without Interventions, with CC Score 1-2","1,370",.,.,.,.,.,.,.,.,.,525,.,388,.,.,.,.,"2,284"
WA18E,180,"Admission for Unexplained Symptoms without Interventions, with CC Score 1-2",.,913,.,.,894,.,.,.,.,.,225,.,.,.,.,.,.,"2,032"
WA18E,300,"Admission for Unexplained Symptoms without Interventions, with CC Score 1-2","22,792","19,517","6,060","4,536","16,011",904,.,.,"7,140",.,"6,332",.,"27,799",.,"9,039",.,"23,841","143,971"
WA18E,301,"Admission for Unexplained Symptoms without Interventions, with CC Score 1-2",.,"1,869",.,.,.,.,.,.,.,.,.,.,.,.,.,.,.,"1,869"
WA18E,320,"Admission for Unexplained Symptoms without Interventions, with CC Score 1-2",.,.,.,547,.,.,.,.,.,.,.,.,.,.,.,"2,760",.,"3,307"
WA18E,361,"Admission for Unexplained Symptoms without Interventions, with CC Score 1-2",.,.,704,.,.,.,.,.,.,.,.,.,.,.,.,.,.,704
WA18E,430,"Admission for Unexplained Symptoms without Interventions, with CC Score 1-2","1,842","6,297","1,995",.,"3,625",.,.,.,.,360,"1,163",.,"16,342",.,.,.,.,"31,623"
WA18F,100,"Admission for Unexplained Symptoms without Interventions, with CC Score 0",457,904,.,573,"2,190","2,323",.,.,.,.,"1,051",.,388,.,.,.,909,"8,795"
WA18F,101,"Admission for Unexplained Symptoms without Interventions, with CC Score 0",.,.,675,.,420,.,.,.,.,.,.,.,.,.,.,.,.,"1,094"
WA18F,180,"Admission for Unexplained Symptoms without Interventions, with CC Score 0",.,"4,111",.,.,"6,260",.,.,.,.,.,449,.,"1,224",.,.,.,.,"12,044"
WA18F,300,"Admission for Unexplained Symptoms without Interventions, with CC Score 0","27,613","42,694","10,908","17,690","11,763","8,737","1,583",.,"4,885",.,"18,367",.,"35,135",.,"13,056",.,"30,810","223,241"
WA18F,301,"Admission for Unexplained Symptoms without Interventions, with CC Score 0",.,"4,485",.,.,.,.,.,.,.,.,.,.,.,.,.,.,.,"4,485"
WA18F,302,"Admission for Unexplained Symptoms without Interventions, with CC Score 0",.,.,.,.,.,.,.,.,.,.,.,.,488,.,.,.,.,488
WA18F,320,"Admission for Unexplained Symptoms without Interventions, with CC Score 0",689,"1,689",568,"1,641",.,.,.,.,.,.,"1,359",.,"1,221",.,799,"24,290",.,"32,256"
WA18F,340,"Admission for Unexplained Symptoms without Interventions, with CC Score 0",.,.,"1,395",.,.,.,.,.,.,.,.,.,466,.,.,.,.,"1,861"
WA18F,361,"Admission for Unexplained Symptoms without Interventions, with CC Score 0",.,442,"1,408",.,.,409,.,.,.,.,.,.,.,.,.,.,.,"2,259"
WA18F,400,"Admission for Unexplained Symptoms without Interventions, with CC Score 0",.,.,.,.,.,.,.,.,.,.,.,.,799,.,.,.,.,799
WA18F,430,"Admission for Unexplained Symptoms without Interventions, with CC Score 0","1,842","11,483","1,995",.,"1,088",352,.,.,.,.,388,.,"17,649",.,"1,931",.,895,"37,622"
WA18F,501,"Admission for Unexplained Symptoms without Interventions, with CC Score 0",.,.,.,"1,128",.,.,.,.,.,.,.,.,.,.,.,.,.,"1,128"
WA19Z,100,Abnormal Findings without Diagnosis,457,.,.,.,876,.,.,.,.,.,.,.,"1,164",.,647,.,.,"3,144"
WA19Z,170,Abnormal Findings without Diagnosis,.,.,.,.,.,.,.,.,.,.,.,.,644,.,.,.,.,644
WA19Z,180,Abnormal Findings without Diagnosis,.,"2,284",.,.,894,.,.,.,.,.,898,.,306,.,.,.,.,"4,382"
WA19Z,300,Abnormal Findings without Diagnosis,"5,698","8,539","7,676","2,268","1,634",301,528,.,"1,879",.,"7,434",.,"12,355",.,"12,052",.,"5,135","65,498"
WA19Z,301,Abnormal Findings without Diagnosis,.,748,.,.,.,.,.,.,.,.,.,.,.,.,.,.,.,748
WA19Z,302,Abnormal Findings without Diagnosis,.,.,464,.,.,.,.,.,.,.,.,.,.,.,.,.,.,464
WA19Z,303,Abnormal Findings without Diagnosis,555,.,.,.,.,.,.,.,.,.,.,.,.,.,.,.,.,555
WA19Z,320,Abnormal Findings without Diagnosis,689,845,.,547,.,.,.,.,.,.,.,.,.,.,.,.,.,"2,080"
WA19Z,340,Abnormal Findings without Diagnosis,.,.,465,.,.,.,.,.,.,.,.,.,466,.,.,.,.,931
WA19Z,430,Abnormal Findings without Diagnosis,.,"2,223","1,496",.,.,.,.,.,.,.,"1,163",.,"1,961",.,.,.,.,"6,843"
WA20Z,100,"Examination, Follow-Up or Special Screening","2,398",.,.,"1,145","1,752",395,.,.,.,.,.,.,"1,552",.,"3,236",.,909,"11,387"
WA20Z,101,"Examination, Follow-Up or Special Screening",565,.,675,.,.,.,.,.,.,.,.,.,.,.,.,.,.,"1,240"
WA20Z,110,"Examination, Follow-Up or Special Screening",.,.,.,.,.,.,.,.,.,.,.,.,.,.,.,.,400,400
WA20Z,180,"Examination, Follow-Up or Special Screening",.,"1,827",.,.,"2,683",.,.,.,.,.,674,.,.,.,.,.,.,"5,183"
WA20Z,300,"Examination, Follow-Up or Special Screening","5,260",813,"3,632",907,327,"4,519","1,583",.,"1,879",.,773,.,"2,317",.,502,.,"3,188","25,699"
WA20Z,320,"Examination, Follow-Up or Special Screening",.,845,.,.,.,.,.,.,.,.,.,.,.,.,.,.,.,845
WA20Z,430,"Examination, Follow-Up or Special Screening",.,.,.,.,.,.,.,.,.,.,.,.,.,.,.,.,"1,436","1,436"
WA20Z,501,"Examination, Follow-Up or Special Screening",.,955,.,"1,128",.,"2,026",.,.,.,.,.,.,.,.,.,.,.,"4,108"
WA20Z,502,"Examination, Follow-Up or Special Screening",.,.,"2,843",.,.,.,.,.,.,.,.,.,.,.,.,.,544,"3,387"
WA21Z,100,Other Procedures or Health Care Problems,.,.,.,.,.,.,.,.,.,.,.,.,388,.,.,.,.,388
WA21Z,120,Other Procedures or Health Care Problems,.,.,.,.,.,.,.,.,.,.,.,.,512,.,.,.,.,512
WA21Z,300,Other Procedures or Health Care Problems,.,.,808,.,.,.,.,.,.,.,.,.,.,.,.,.,.,808
WA22A,110,"Other Specified Admissions or Counselling, with CC Score 4+",.,.,.,.,.,.,.,608,.,.,.,.,.,.,.,.,.,608
WA22A,300,"Other Specified Admissions or Counselling, with CC Score 4+",.,.,.,.,654,.,.,.,.,.,.,.,386,.,502,.,"1,467","3,009"
WA22A,430,"Other Specified Admissions or Counselling, with CC Score 4+",.,.,499,.,.,.,.,.,.,.,.,.,.,407,.,.,.,906
WA22B,100,"Other Specified Admissions or Counselling, with CC Score 2-3",.,.,.,.,.,395,.,.,.,.,.,.,.,.,.,.,.,395
WA22B,101,"Other Specified Admissions or Counselling, with CC Score 2-3",.,.,675,.,.,.,.,.,.,.,.,.,.,.,.,.,.,675
WA22B,180,"Other Specified Admissions or Counselling, with CC Score 2-3",.,.,.,.,894,.,.,.,.,.,.,.,306,.,.,.,.,"1,200"
WA22B,300,"Other Specified Admissions or Counselling, with CC Score 2-3","4,383","3,253","3,232",907,"5,555",603,528,.,752,.,773,.,"1,931",.,"3,515",.,"19,073","44,503"
WA22B,303,"Other Specified Admissions or Counselling, with CC Score 2-3",.,.,712,.,.,.,.,.,.,.,.,.,.,.,.,.,.,712
WA22B,430,"Other Specified Admissions or Counselling, with CC Score 2-3","1,105",741,"2,493",.,"2,900",.,.,.,.,360,.,.,"1,961",.,.,.,"1,194","10,753"
WA22C,100,"Other Specified Admissions or Counselling, with CC Score 0-1",.,.,.,.,438,.,.,.,.,.,.,.,776,.,.,.,.,"1,214"
WA22C,180,"Other Specified Admissions or Counselling, with CC Score 0-1",.,"3,197",.,.,"3,577",.,.,.,.,.,225,.,.,.,.,.,.,"6,999"
WA22C,300,"Other Specified Admissions or Counselling, with CC Score 0-1","21,477","21,957","6,464","1,361","6,208","1,205","1,055",.,"7,516",.,"5,531",.,"15,058",.,"3,013",.,"59,787","150,630"
WA22C,320,"Other Specified Admissions or Counselling, with CC Score 0-1",689,.,.,"1,094",385,.,.,.,.,.,453,.,.,.,799,"1,104",456,"4,980"
WA22C,430,"Other Specified Admissions or Counselling, with CC Score 0-1","3,315","16,299","7,979",.,"4,713",.,.,.,.,.,388,.,"12,420",.,"1,288",.,"1,791","48,190"
WA23A,300,"Falls without Specific Cause, with CC Score 4+",.,.,.,.,327,.,.,.,.,.,.,.,.,.,.,.,367,694
WA23A,430,"Falls without Specific Cause, with CC Score 4+",.,.,.,.,.,.,.,.,.,360,.,.,.,.,.,.,.,360
WA23B,300,"Falls without Specific Cause, with CC Score 2-3",877,.,.,.,327,301,.,.,.,.,.,.,.,.,502,.,"1,100","3,107"
WA23B,430,"Falls without Specific Cause, with CC Score 2-3",.,.,"1,496",.,.,.,.,.,.,.,.,.,.,.,.,.,298,"1,794"
WA23C,300,"Falls without Specific Cause, with CC Score 0-1","1,315",407,.,.,980,301,.,.,376,.,.,.,"1,544",.,.,.,"3,301","8,224"
WA23C,301,"Falls without Specific Cause, with CC Score 0-1",.,374,.,.,.,.,.,.,.,.,.,.,.,.,.,.,.,374
WA23C,430,"Falls without Specific Cause, with CC Score 0-1",.,.,.,.,.,.,.,.,.,.,388,.,.,.,.,.,.,388
WA24B,100,Procedures on the Lymphatic System with CC Score 0,.,.,.,.,.,.,.,.,.,.,.,.,.,.,"2,314",.,.,"2,314"
YQ01A,100,"Multiple or Revisional, Open Repair of Abdominal or Thoracoabdominal Aortic Aneurysm, with CC Score 6+",.,.,.,.,.,.,.,.,.,.,.,.,"4,921",.,.,.,.,"4,921"
YQ01B,100,"Multiple or Revisional, Open Repair of Abdominal or Thoracoabdominal Aortic Aneurysm, with CC Score 0-5",.,.,.,.,.,.,.,.,.,.,.,.,"18,715",.,.,.,.,"18,715"
YQ02Z,100,Open Repair of Thoracoabdominal Aortic Aneurysm,.,.,.,.,.,.,.,.,.,.,.,.,"9,644",.,.,.,.,"9,644"
YQ03A,100,Open Repair of Abdominal Aortic Aneurysm with CC Score 6+,.,.,.,.,.,.,.,.,.,.,.,.,"17,385",.,.,.,.,"17,385"
YQ03B,100,Open Repair of Abdominal Aortic Aneurysm with CC Score 0-5,.,.,.,.,"13,490",.,.,.,.,.,.,.,"112,390",.,.,.,.,"125,880"
YQ04B,100,"Multiple Open Procedures on Aorta or Abdominal Blood Vessels, with CC Score 0-3",.,.,.,.,.,.,.,.,.,.,.,.,"2,325",.,.,.,.,"2,325"
YQ05B,100,"Single Open Procedure on Aorta or Abdominal Blood Vessel, with CC Score 0-3",.,.,.,.,.,.,.,.,.,.,.,.,"4,753",.,.,.,.,"4,753"
YQ10D,100,Multiple Open Procedures on Blood Vessels of Lower Limbs with CC Score 0-3,.,.,.,.,.,.,.,.,.,.,.,.,"4,958",.,.,.,.,"4,958"
YQ12C,100,Single Open Procedure on Blood Vessel of Lower Limb with CC Score 4-6,.,.,.,.,"1,870",.,.,.,.,.,.,.,"13,344",.,.,.,.,"15,214"
YQ12D,100,Single Open Procedure on Blood Vessel of Lower Limb with CC Score 0-3,.,.,.,.,.,.,.,.,.,.,.,.,"7,709",.,.,.,.,"7,709"
YQ22A,361,Amputation of Single Limb with CC Score 10+,.,.,"3,152",.,.,.,.,.,.,.,.,.,.,.,.,.,.,"3,152"
YQ22B,100,Amputation of Single Limb with CC Score 0-9,.,.,.,.,.,.,.,.,.,.,.,.,"10,634",.,.,.,.,"10,634"
YQ22B,160,Amputation of Single Limb with CC Score 0-9,.,.,.,.,.,.,.,.,.,.,.,.,.,.,.,.,"1,395","1,395"
YQ22B,300,Amputation of Single Limb with CC Score 0-9,.,.,.,.,.,.,.,.,.,.,.,.,"3,189",.,.,.,.,"3,189"
YQ26B,100,"Single Amputation Stump or Partial Foot Amputation Procedure, for Diabetes or Arterial Disease, with CC Score 5-7",.,.,.,.,"1,309",.,.,.,.,.,.,.,.,.,.,.,.,"1,309"
YQ31A,100,Single Open Procedure on Carotid Artery with CC Score 5+,.,.,.,.,.,.,.,.,.,.,.,.,"3,496",.,.,.,.,"3,496"
YQ31B,100,Single Open Procedure on Carotid Artery with CC Score 0-4,.,.,.,.,.,.,.,.,.,.,.,.,"11,536",.,.,.,.,"11,536"
YQ32A,100,Single Open Procedure on Blood Vessel or Upper Limb with CC Score 5+,"5,021",.,.,.,.,.,.,.,.,.,.,.,.,.,.,.,.,"5,021"
YQ32B,100,Single Open Procedure on Blood Vessel or Upper Limb with CC Score 0-4,.,452,.,.,.,.,.,.,.,.,.,.,"5,322",.,.,.,.,"5,774"
YQ41Z,100,Open Operations on Other or Unspecified Blood Vessels,"2,739",.,.,.,.,.,.,.,.,.,.,.,.,.,.,.,.,"2,739"
YQ41Z,160,Open Operations on Other or Unspecified Blood Vessels,.,.,.,.,.,.,.,.,.,.,.,.,.,.,.,.,"2,111","2,111"
YQ42Z,100,"Open Arteriovenous Fistula, Graft or Shunt Procedures",.,.,.,.,"7,617",.,.,.,.,.,.,.,.,.,"4,625",.,.,"12,242"
YQ42Z,361,"Open Arteriovenous Fistula, Graft or Shunt Procedures",.,.,"8,178",.,.,.,.,.,.,.,.,.,.,.,.,.,383,"8,562"
YQ50A,300,Peripheral Vascular Disorders with CC Score 15+,.,.,.,.,.,.,.,.,.,.,.,.,.,.,.,.,734,734
YQ50A,430,Peripheral Vascular Disorders with CC Score 15+,.,370,.,.,.,.,.,.,.,.,.,.,.,.,.,.,.,370
YQ50B,100,Peripheral Vascular Disorders with CC Score 11-14,.,.,.,.,.,.,.,.,.,.,.,.,388,.,.,.,.,388
YQ50B,300,Peripheral Vascular Disorders with CC Score 11-14,.,.,.,.,.,.,.,.,.,.,.,.,772,.,.,.,.,772
YQ50B,430,Peripheral Vascular Disorders with CC Score 11-14,.,.,499,.,.,.,.,.,.,.,.,.,.,.,.,.,.,499
YQ50C,300,Peripheral Vascular Disorders with CC Score 8-10,438,"1,626",808,454,.,.,528,.,376,.,.,.,"2,317",.,.,.,"1,100","7,647"
YQ50C,361,Peripheral Vascular Disorders with CC Score 8-10,.,.,"1,408",.,.,"2,866",.,.,.,.,.,.,.,.,.,.,.,"4,274"
YQ50C,430,Peripheral Vascular Disorders with CC Score 8-10,368,.,997,.,.,.,.,.,.,.,.,.,.,.,.,.,895,"2,261"
YQ50D,100,Peripheral Vascular Disorders with CC Score 5-7,"2,741",.,.,.,"1,314",.,.,.,.,.,.,.,"8,178",.,.,.,.,"12,233"
YQ50D,300,Peripheral Vascular Disorders with CC Score 5-7,"2,191","3,253","1,212",.,654,301,528,.,.,.,.,.,"3,089",.,.,.,"3,301","14,529"
YQ50D,301,Peripheral Vascular Disorders with CC Score 5-7,.,374,.,.,.,.,.,.,.,.,.,.,.,.,.,.,.,374
YQ50D,320,Peripheral Vascular Disorders with CC Score 5-7,.,.,.,547,.,.,.,.,.,.,.,.,611,.,.,.,.,"1,158"
YQ50D,361,Peripheral Vascular Disorders with CC Score 5-7,.,442,.,.,.,"12,691",.,.,.,.,.,.,.,.,.,.,.,"13,133"
YQ50D,430,Peripheral Vascular Disorders with CC Score 5-7,.,741,499,.,363,.,.,.,.,.,.,.,.,.,.,.,298,"1,900"
YQ50E,100,Peripheral Vascular Disorders with CC Score 2-4,"1,370","1,356",.,573,"1,314",.,.,.,.,.,.,.,"9,435",.,"2,589",.,.,"16,637"
YQ50E,110,Peripheral Vascular Disorders with CC Score 2-4,519,.,.,.,374,.,.,.,.,.,.,.,.,.,.,.,.,893
YQ50E,140,Peripheral Vascular Disorders with CC Score 2-4,.,.,.,.,.,.,.,.,.,.,.,.,766,.,.,.,.,766
YQ50E,180,Peripheral Vascular Disorders with CC Score 2-4,.,913,.,.,894,.,.,.,.,.,.,.,.,.,.,.,.,"1,808"
YQ50E,300,Peripheral Vascular Disorders with CC Score 2-4,"2,630","4,066","4,848",.,980,.,"1,055",.,"1,503",.,.,.,"10,425",.,"2,511",.,"2,201","30,218"
YQ50E,301,Peripheral Vascular Disorders with CC Score 2-4,.,374,.,.,.,.,.,.,.,.,.,.,.,.,.,.,.,374
YQ50E,302,Peripheral Vascular Disorders with CC Score 2-4,.,.,.,.,.,.,.,.,.,.,.,.,488,.,.,.,.,488
YQ50E,303,Peripheral Vascular Disorders with CC Score 2-4,.,.,"2,136",.,.,.,.,.,.,.,.,.,.,.,.,.,.,"2,136"
YQ50E,320,Peripheral Vascular Disorders with CC Score 2-4,.,422,.,547,"1,155",.,.,.,.,.,453,.,"1,221",.,.,.,.,"3,798"
YQ50E,340,Peripheral Vascular Disorders with CC Score 2-4,.,.,465,.,.,.,.,.,.,.,.,.,.,.,.,.,.,465
YQ50E,370,Peripheral Vascular Disorders with CC Score 2-4,.,.,708,.,.,.,.,.,.,.,.,.,.,.,.,.,.,708
YQ50E,430,Peripheral Vascular Disorders with CC Score 2-4,368,370,499,.,.,352,.,.,.,.,388,.,"1,307",.,.,.,.,"3,284"
YQ50F,100,Peripheral Vascular Disorders with CC Score 0-1,"3,198","1,356",.,"1,718",876,.,.,.,.,.,525,.,"7,402",.,"1,294",.,.,"16,369"
YQ50F,110,Peripheral Vascular Disorders with CC Score 0-1,.,.,.,.,374,.,.,.,.,.,.,.,.,.,.,.,.,374
YQ50F,160,Peripheral Vascular Disorders with CC Score 0-1,.,.,.,.,.,.,.,.,.,.,.,.,.,.,.,.,490,490
YQ50F,180,Peripheral Vascular Disorders with CC Score 0-1,.,"1,827",.,.,.,.,.,.,.,.,.,.,306,.,.,.,.,"2,133"
YQ50F,300,Peripheral Vascular Disorders with CC Score 0-1,"6,574","1,220",808,454,980,301,.,.,.,.,"1,546",.,"7,336",.,"2,511",.,"4,035","25,765"
YQ50F,320,Peripheral Vascular Disorders with CC Score 0-1,.,845,.,.,385,.,.,.,.,.,.,.,611,.,.,552,.,"2,392"
YQ50F,361,Peripheral Vascular Disorders with CC Score 0-1,521,.,.,.,.,.,.,.,.,.,.,.,.,.,.,.,.,521
YQ50F,430,Peripheral Vascular Disorders with CC Score 0-1,368,370,.,.,.,.,.,.,.,.,.,.,.,.,.,.,.,739
YQ51B,300,Deep Vein Thrombosis with CC Score 9-11,.,"1,220",.,.,.,.,.,.,.,.,.,.,"1,223",.,"1,004",.,"1,100","4,547"
YQ51C,300,Deep Vein Thrombosis with CC Score 6-8,"1,315","2,440","1,212",.,980,603,.,.,.,.,773,.,"1,158",.,"1,004",.,"7,703","17,188"
YQ51C,430,Deep Vein Thrombosis with CC Score 6-8,.,741,.,.,.,.,.,.,.,.,.,.,.,.,.,.,.,741
YQ51D,100,Deep Vein Thrombosis with CC Score 3-5,.,.,.,.,.,.,.,.,.,.,.,.,822,.,.,.,.,822
YQ51D,180,Deep Vein Thrombosis with CC Score 3-5,.,"1,827",.,.,"2,683",.,.,.,.,.,.,.,612,.,.,.,.,"5,122"
YQ51D,300,Deep Vein Thrombosis with CC Score 3-5,"3,068","9,759",808,907,.,904,.,.,"1,503",.,"3,293",.,"5,405",.,"2,511",.,"11,370","39,528"
YQ51D,301,Deep Vein Thrombosis with CC Score 3-5,.,"1,495",.,.,.,.,.,.,.,.,.,.,.,.,.,.,.,"1,495"
YQ51D,320,Deep Vein Thrombosis with CC Score 3-5,689,.,.,"1,094",.,.,.,.,.,.,.,.,.,.,.,552,.,"2,335"
YQ51D,430,Deep Vein Thrombosis with CC Score 3-5,368,370,.,.,.,.,.,.,.,.,388,.,"2,615",.,.,.,.,"3,741"
YQ51E,100,Deep Vein Thrombosis with CC Score 0-2,.,.,.,.,438,.,.,.,.,.,.,.,776,.,647,.,.,"1,861"
YQ51E,180,Deep Vein Thrombosis with CC Score 0-2,.,"8,221",.,.,"4,471",.,.,.,.,.,225,.,918,.,.,.,.,"13,835"
YQ51E,300,Deep Vein Thrombosis with CC Score 0-2,"9,643","18,297","7,676","8,618","1,307",904,"1,055",.,"1,127",.,"9,520",.,"8,108",.,"2,009",.,"6,235","74,500"
YQ51E,301,Deep Vein Thrombosis with CC Score 0-2,.,374,.,.,.,.,.,.,.,.,.,.,.,.,.,.,.,374
YQ51E,303,Deep Vein Thrombosis with CC Score 0-2,.,.,712,.,.,.,.,.,.,.,.,.,.,.,.,.,.,712
YQ51E,320,Deep Vein Thrombosis with CC Score 0-2,.,.,.,547,.,.,.,.,.,.,453,.,.,.,.,"3,864",.,"4,864"
YQ51E,340,Deep Vein Thrombosis with CC Score 0-2,.,.,.,.,.,.,.,.,.,.,.,.,932,.,.,.,.,932
YQ51E,430,Deep Vein Thrombosis with CC Score 0-2,.,"1,111",.,.,.,.,.,.,.,.,"1,163",.,"1,307",.,.,.,.,"3,582"
YQ51E,501,Deep Vein Thrombosis with CC Score 0-2,.,.,.,.,.,.,.,.,.,.,.,.,.,.,.,.,730,730
YR01Z,100,Complex Endovascular Repair of Thoracoabdominal Aortic Aneurysm,.,.,.,.,.,.,.,.,.,.,.,.,"24,050",.,.,.,.,"24,050"
YR02Z,100,Endovascular Repair of Thoracoabdominal Aortic Aneurysm,.,.,.,.,.,.,.,.,.,.,.,.,"54,520",.,.,.,.,"54,520"
YR03Z,100,Complex Endovascular Repair of Abdominal Aortic Aneurysm,.,.,.,.,.,.,.,.,.,.,.,.,"32,192",.,.,.,.,"32,192"
YR04Z,100,Endovascular Repair of Abdominal Aortic Aneurysm,.,.,.,.,.,.,.,.,.,.,.,.,"16,513",.,.,.,.,"16,513"
YR10B,100,Percutaneous Transluminal Angioplasty of Multiple Blood Vessels with CC Score 3-5,.,.,.,.,"2,664",.,.,.,.,.,.,.,.,.,.,.,.,"2,664"
YR11C,100,Percutaneous Transluminal Angioplasty of Single Blood Vessel with CC Score 3-5,.,.,.,.,"2,664",.,.,.,.,.,.,.,.,.,.,.,.,"2,664"
YR13Z,100,"Percutaneous Transluminal Angioplasty with Insertion of Drug-Eluting, Coated or Embolic Protection Stent, into Peripheral Blood Vessel",.,.,.,.,.,.,.,.,.,.,.,.,"3,548",.,.,.,.,"3,548"
YR20Z,100,Percutaneous Transluminal Embolisation of Aneurysm of Blood Vessel,.,.,.,.,.,.,.,.,.,.,.,.,"5,046",.,.,.,.,"5,046"
YR20Z,150,Percutaneous Transluminal Embolisation of Aneurysm of Blood Vessel,.,.,.,.,.,.,.,.,.,.,.,.,"16,535",.,.,.,.,"16,535"
YR22B,100,Inferior Vena Cava Filter Procedures with CC Score 3-6,.,.,.,.,.,.,.,.,.,.,.,.,"2,626",.,.,.,.,"2,626"
YR22C,100,Inferior Vena Cava Filter Procedures with CC Score 0-2,.,.,.,.,.,.,.,.,.,.,.,.,.,.,"3,299",.,.,"3,299"
YR23A,150,"Percutaneous Transluminal, Embolectomy or Thrombolysis, of Blood Vessel, with CC Score 5+",.,.,.,.,.,.,.,.,.,.,.,.,"2,539",.,.,.,.,"2,539"
YR23A,180,"Percutaneous Transluminal, Embolectomy or Thrombolysis, of Blood Vessel, with CC Score 5+",.,.,.,.,.,.,.,.,.,.,.,.,"2,931",.,.,.,.,"2,931"
YR23A,300,"Percutaneous Transluminal, Embolectomy or Thrombolysis, of Blood Vessel, with CC Score 5+",.,.,.,.,.,.,.,.,.,.,.,.,"11,881",.,.,.,.,"11,881"
YR23A,400,"Percutaneous Transluminal, Embolectomy or Thrombolysis, of Blood Vessel, with CC Score 5+",.,.,.,.,.,.,.,.,.,.,.,.,"3,680",.,.,.,.,"3,680"
YR23B,300,"Percutaneous Transluminal, Embolectomy or Thrombolysis, of Blood Vessel, with CC Score 0-4",.,.,.,.,.,.,.,.,.,.,.,.,"8,911",.,.,.,.,"8,911"
YR23B,400,"Percutaneous Transluminal, Embolectomy or Thrombolysis, of Blood Vessel, with CC Score 0-4",.,.,.,.,.,.,.,.,.,.,.,.,"3,680",.,.,.,.,"3,680"
YR23B,430,"Percutaneous Transluminal, Embolectomy or Thrombolysis, of Blood Vessel, with CC Score 0-4",.,.,.,.,.,.,.,.,.,.,.,.,"18,989",.,.,.,.,"18,989"
YR25Z,100,Arteriography,.,.,.,.,"5,592",.,.,.,.,.,.,.,.,.,.,.,.,"5,592"
YR25Z,300,Arteriography,.,.,.,.,327,.,.,.,.,.,.,.,.,.,.,.,.,327
YR25Z,320,Arteriography,689,.,.,.,.,.,.,.,.,.,.,.,.,.,.,.,.,689
YR26Z,300,Venography,.,813,.,907,.,.,.,.,.,.,.,.,.,.,.,.,.,"1,720"
YR40A,100,"Insertion of Non-Tunnelled Central Venous Catheter, 19 years and over",837,.,.,.,"3,574","1,006",.,.,.,.,.,.,.,.,.,.,.,"5,418"
YR40A,300,"Insertion of Non-Tunnelled Central Venous Catheter, 19 years and over",573,.,.,.,.,301,.,.,"3,579",.,980,.,.,.,"2,549",.,.,"7,982"
YR40A,320,"Insertion of Non-Tunnelled Central Venous Catheter, 19 years and over",.,.,.,.,.,358,.,.,.,.,.,.,.,.,.,.,.,358
YR40A,361,"Insertion of Non-Tunnelled Central Venous Catheter, 19 years and over",.,.,"9,024",.,.,409,.,.,.,.,.,.,.,.,.,.,.,"9,434"
YR40B,171,"Insertion of Non-Tunnelled Central Venous Catheter, 18 years and under",.,.,.,.,.,.,.,.,.,.,.,.,"5,248",.,.,.,.,"5,248"
YR40B,420,"Insertion of Non-Tunnelled Central Venous Catheter, 18 years and under",.,.,.,.,.,.,.,.,.,.,.,.,"1,816",.,.,.,.,"1,816"
YR41A,100,"Insertion of Tunnelled Central Venous Catheter, 19 years and over",.,.,.,.,"1,406",.,.,.,.,.,.,.,.,.,.,.,.,"1,406"
YR41A,300,"Insertion of Tunnelled Central Venous Catheter, 19 years and over",.,.,706,.,.,.,.,.,.,.,.,.,.,.,.,.,.,706
YR41A,361,"Insertion of Tunnelled Central Venous Catheter, 19 years and over",.,.,"6,702",.,.,.,.,.,.,.,.,.,.,.,.,.,"1,916","8,618"
YR41A,370,"Insertion of Tunnelled Central Venous Catheter, 19 years and over",.,.,"1,112",.,.,.,.,.,.,.,.,.,.,.,.,.,.,"1,112"
YR42A,100,"Peripheral Insertion of Central Venous Catheter, 19 years and over",.,.,.,.,"2,812",.,.,.,.,.,.,.,.,.,.,.,.,"2,812"
YR42A,140,"Peripheral Insertion of Central Venous Catheter, 19 years and over",.,.,.,.,.,.,.,.,.,.,.,.,.,.,.,.,"1,356","1,356"
YR42A,300,"Peripheral Insertion of Central Venous Catheter, 19 years and over",.,.,"1,012",.,.,.,.,.,.,.,.,.,.,.,.,.,"1,123","2,135"
YR42A,303,"Peripheral Insertion of Central Venous Catheter, 19 years and over",.,.,"1,536",.,.,.,.,.,.,.,.,.,.,.,.,.,.,"1,536"
YR42B,110,"Peripheral Insertion of Central Venous Catheter, 18 years and under",.,.,.,.,.,.,.,.,.,.,.,.,"1,282",.,.,.,.,"1,282"
YR42B,171,"Peripheral Insertion of Central Venous Catheter, 18 years and under",.,.,.,.,.,.,.,.,.,.,.,.,"1,430",.,.,.,.,"1,430"
YR43A,100,"Attention to Central Venous Catheter, 19 years and over","1,218",.,.,.,.,.,.,.,.,.,.,.,.,.,.,.,.,"1,218"
YR43A,300,"Attention to Central Venous Catheter, 19 years and over",.,.,"1,612",.,.,.,.,.,.,.,.,.,.,.,502,.,"4,493","6,607"
YR43A,361,"Attention to Central Venous Catheter, 19 years and over",.,.,.,.,.,819,.,.,.,.,.,.,.,.,.,.,.,819
YR43A,420,"Attention to Central Venous Catheter, 19 years and over",.,.,.,.,.,.,.,.,.,.,.,866,.,.,.,.,.,866
YR43B,420,"Attention to Central Venous Catheter, 18 years and under",.,.,.,.,.,.,.,.,.,.,.,"1,300",.,.,.,.,.,"1,300"
YR44A,100,"Removal of Central Venous Catheter, 19 years and over",.,.,.,.,.,.,.,.,.,.,.,.,.,.,.,.,"1,186","1,186"
YR44A,110,"Removal of Central Venous Catheter, 19 years and over",.,.,.,.,.,.,.,.,.,.,.,.,663,.,.,.,.,663
YR44A,300,"Removal of Central Venous Catheter, 19 years and over",438,.,.,.,.,.,.,.,.,.,.,.,.,.,.,.,.,438
YR44A,303,"Removal of Central Venous Catheter, 19 years and over",.,.,"1,536",.,.,.,.,.,.,.,.,.,.,.,.,.,.,"1,536"
YR44A,361,"Removal of Central Venous Catheter, 19 years and over",.,.,767,.,.,819,.,.,.,.,.,.,.,.,.,.,.,"1,585"
YR47Z,100,Removal of Subcutaneous Port,.,.,.,.,.,.,.,.,.,.,.,.,"3,374",.,.,.,.,"3,374"
YR48Z,361,"Attention to Arteriovenous Fistula, Graft or Shunt",.,.,"2,869",.,.,.,.,.,.,.,.,.,.,.,.,.,.,"2,869"
YZ01Z,300,Urological Imaging Interventions,"3,506",.,621,.,.,.,.,.,.,.,.,.,.,.,.,.,.,"4,127"
YZ01Z,361,Urological Imaging Interventions,"1,042",.,.,.,.,.,.,.,.,.,.,.,"1,063",.,.,.,383,"2,488"
YZ02Z,100,Hepatobiliary Imaging Interventions,"2,169",.,.,.,.,.,.,.,.,.,"1,772",.,"3,051",.,.,.,.,"6,991"
YZ02Z,300,Hepatobiliary Imaging Interventions,.,.,.,.,.,.,.,.,.,.,.,.,"6,535",.,.,.,"3,998","10,533"
YZ03Z,300,Gastrointestinal Imaging Interventions,.,.,769,.,.,.,.,.,.,.,.,.,.,.,.,.,.,769
YZ06Z,150,Neurological Imaging Interventions,.,.,.,.,.,.,.,.,.,.,.,.,"26,540",.,.,.,.,"26,540"
YZ06Z,300,Neurological Imaging Interventions,.,.,.,.,.,.,.,.,.,.,.,.,"2,707",.,.,.,.,"2,707"
Total,,,"11,037,460","10,372,187","5,967,077","3,339,778","9,846,364","3,320,822","823,141","69,370","1,423,943","8,272","4,575,580","177,170","22,480,546","4,479","6,022,686","1,520,335","12,864,659","93,853,868"
